9237911
9237912
9237913
9237914
9237915
9237901
9237902
9237903
9237904
9237905
9237906
9237893
9237894
9237895
9237896
9237897
9237898
9237899
9237900
9237884
9237885
9237886
9237887
9237888
9237889
9237890
9237891
9237892
9237878
9237879
9237880
9237881
9237882
9237883
9237870
9237871
9237872
9237873
9237874
9237875
9237876
9237877
9237862
9237863
9237864
9237865
9237866
9237867
9237868
9237869
9237858
9237859
9237860
9237861
9237848
9237849
9237850
9237851
9237852
9237853
9237854
9237855
9237856
9237857
9237844
9237845
9237846
9237847
9237836
9237837
9237838
9237839
9237840
9237841
9237842
9237843
9237829
9237830
9237831
9237832
9237833
9237834
9237835
9237821
9237822
9237823
9237824
9237825
9237826
9237827
9237828
9237812
9237813
9237814
9237815
9237816
9237817
9237818
9237819
9237820
9237810
9237811
9237803
9237804
9237805
9237806
9237807
9237808
9237809
9237796
9237797
9237798
9237799
9237800
9237801
9237802
9237788
9237789
9237790
9237791
9237792
9237793
9237794
9237795
9237779
9237780
9237781
9237782
9237783
9237784
9237785
9237786
9237787
9237771
9237772
9237773
9237774
9237775
9237776
9237777
9237778
9237762
9237763
9237764
9237765
9237766
9237767
9237768
9237769
9237770
9237754
9237755
9237756
9237757
9237758
9237759
9237760
9237761
9237748
9237749
9237750
9237751
9237752
9237753
9237738
9237739
9237740
9237741
9237742
9237743
9237744
9237745
9237746
9237747
9237729
9237730
9237731
9237732
9237733
9237734
9237735
9237736
9237737
9237720
9237721
9237722
9237723
9237724
9237725
9237726
9237727
9237728
9237715
9237716
9237717
9237718
9237719
9237704
9237705
9237706
9237707
9237708
9237709
9237710
9237711
9237712
9237713
9237714
9237693
9237694
9237695
9237696
9237697
9237698
9237699
9237700
9237701
9237702
9237703
9237688
9237689
9237690
9237691
9237692
9237680
9237681
9237682
9237683
9237684
9237685
9237686
9237687
9237671
9237672
9237673
9237674
9237675
9237676
9237677
9237678
9237679
9237666
9237667
9237668
9237669
9237670
9237658
9237659
9237660
9237661
9237662
9237663
9237664
9237665
9237650
9237651
9237652
9237653
9237654
9237655
9237656
9237657
9237644
9237645
9237646
9237647
9237648
9237649
9237636
9237637
9237638
9237639
9237640
9237641
9237642
9237643
9237627
9237628
9237629
9237630
9237631
9237632
9237633
9237634
9237635
9237621
9237622
9237623
9237624
9237625
9237626
9237611
9237612
9237613
9237614
9237615
9237616
9237617
9237618
9237619
9237620
9237603
9237604
9237605
9237606
9237607
9237608
9237609
9237610
9237597
9237598
9237599
9237600
9237601
9237602
9237586
9237587
9237588
9237589
9237590
9237591
9237592
9237593
9237594
9237595
9237596
9237575
9237576
9237577
9237578
9237579
9237580
9237581
9237582
9237583
9237584
9237585
9237567
9237568
9237569
9237570
9237571
9237572
9237573
9237574
9237557
9237558
9237559
9237560
9237561
9237562
9237563
9237564
9237565
9237566
9237548
9237549
9237550
9237551
9237552
9237553
9237554
9237555
9237556
9237538
9237539
9237540
9237541
9237542
9237543
9237544
9237545
9237546
9237547
9237528
9237529
9237530
9237531
9237532
9237533
9237534
9237535
9237536
9237537
9237517
9237518
9237519
9237520
9237521
9237522
9237523
9237524
9237525
9237526
9237527
9237506
9237507
9237508
9237509
9237510
9237511
9237512
9237513
9237514
9237515
9237516
9237495
9237496
9237497
9237498
9237499
9237500
9237501
9237502
9237503
9237504
9237505
9237487
9237488
9237489
9237490
9237491
9237492
9237493
9237494
9237484
9237485
9237486
9237473
9237474
9237475
9237476
9237477
9237478
9237479
9237480
9237481
9237482
9237483
9237462
9237463
9237464
9237465
9237466
9237467
9237468
9237469
9237470
9237471
9237472
9237450
9237451
9237452
9237453
9237454
9237455
9237456
9237457
9237458
9237459
9237460
9237461
9237439
9237440
9237441
9237442
9237443
9237444
9237445
9237446
9237447
9237448
9237449
9237427
9237428
9237429
9237430
9237431
9237432
9237433
9237434
9237435
9237436
9237437
9237438
9237420
9237421
9237422
9237423
9237424
9237425
9237426
9237410
9237411
9237412
9237413
9237414
9237415
9237416
9237417
9237418
9237419
9237400
9237401
9237402
9237403
9237404
9237405
9237406
9237407
9237408
9237409
9237390
9237391
9237392
9237393
9237394
9237395
9237396
9237397
9237398
9237399
9237379
9237380
9237381
9237382
9237383
9237384
9237385
9237386
9237387
9237388
9237389
9237368
9237369
9237370
9237371
9237372
9237373
9237374
9237375
9237376
9237377
9237378
9237357
9237358
9237359
9237360
9237361
9237362
9237363
9237364
9237365
9237366
9237367
9237346
9237347
9237348
9237349
9237350
9237351
9237352
9237353
9237354
9237355
9237356
9237334
9237335
9237336
9237337
9237338
9237339
9237340
9237341
9237342
9237343
9237344
9237345
9237323
9237324
9237325
9237326
9237327
9237328
9237329
9237330
9237331
9237332
9237333
9237316
9237317
9237318
9237319
9237320
9237321
9237322
9237309
9237310
9237311
9237312
9237313
9237314
9237315
9237299
9237300
9237301
9237302
9237303
9237304
9237305
9237306
9237307
9237308
9237287
9237288
9237289
9237290
9237291
9237292
9237293
9237294
9237295
9237296
9237297
9237298
9237276
9237277
9237278
9237279
9237280
9237281
9237282
9237283
9237284
9237285
9237286
9237266
9237267
9237268
9237269
9237270
9237271
9237272
9237273
9237274
9237275
9237255
9237256
9237257
9237258
9237259
9237260
9237261
9237262
9237263
9237264
9237265
9237243
9237244
9237245
9237246
9237247
9237248
9237249
9237250
9237251
9237252
9237253
9237254
9237232
9237233
9237234
9237235
9237236
9237237
9237238
9237239
9237240
9237241
9237242
9237221
9237222
9237223
9237224
9237225
9237226
9237227
9237228
9237229
9237230
9237231
9237213
9237214
9237215
9237216
9237217
9237218
9237219
9237220
9237203
9237204
9237205
9237206
9237207
9237208
9237209
9237210
9237211
9237212
9237194
9237195
9237196
9237197
9237198
9237199
9237200
9237201
9237202
9237184
9237185
9237186
9237187
9237188
9237189
9237190
9237191
9237192
9237193
9237176
9237177
9237178
9237179
9237180
9237181
9237182
9237183
9237167
9237168
9237169
9237170
9237171
9237172
9237173
9237174
9237175
9237164
9237165
9237166
9237156
9237157
9237158
9237159
9237160
9237161
9237162
9237163
9237147
9237148
9237149
9237150
9237151
9237152
9237153
9237154
9237155
9237137
9237138
9237139
9237140
9237141
9237142
9237143
9237144
9237145
9237146
9237126
9237127
9237128
9237129
9237130
9237131
9237132
9237133
9237134
9237135
9237136
9237117
9237118
9237119
9237120
9237121
9237122
9237123
9237124
9237125
9237109
9237110
9237111
9237112
9237113
9237114
9237115
9237116
9237099
9237100
9237101
9237102
9237103
9237104
9237105
9237106
9237107
9237108
9237088
9237089
9237090
9237091
9237092
9237093
9237094
9237095
9237096
9237097
9237098
9237081
9237082
9237083
9237084
9237085
9237086
9237087
9237072
9237073
9237074
9237075
9237076
9237077
9237078
9237079
9237080
9237062
9237063
9237064
9237065
9237066
9237067
9237068
9237069
9237070
9237071
9237053
9237054
9237055
9237056
9237057
9237058
9237059
9237060
9237061
9237045
9237046
9237047
9237048
9237049
9237050
9237051
9237052
9237034
9237035
9237036
9237037
9237038
9237039
9237040
9237041
9237042
9237043
9237044
9237024
9237025
9237026
9237027
9237028
9237029
9237030
9237031
9237032
9237033
9237015
9237016
9237017
9237018
9237019
9237020
9237021
9237022
9237023
9237007
9237008
9237009
9237010
9237011
9237012
9237013
9237014
9237001
9237002
9237003
9237004
9237005
9237006
9236994
9236995
9236996
9236997
9236998
9236999
9237000
9236986
9236987
9236988
9236989
9236990
9236991
9236992
9236993
9236978
9236979
9236980
9236981
9236982
9236983
9236984
9236985
9236971
9236972
9236973
9236974
9236975
9236976
9236977
9236964
9236965
9236966
9236967
9236968
9236969
9236970
9236957
9236958
9236959
9236960
9236961
9236962
9236963
9236949
9236950
9236951
9236952
9236953
9236954
9236955
9236956
9236942
9236943
9236944
9236945
9236946
9236947
9236948
9236935
9236936
9236937
9236938
9236939
9236940
9236941
9236928
9236929
9236930
9236931
9236932
9236933
9236934
9236922
9236923
9236924
9236925
9236926
9236927
9236916
9236917
9236918
9236919
9236920
9236921
9236909
9236910
9236911
9236912
9236913
9236914
9236915
9236903
9236904
9236905
9236906
9236907
9236908
9236896
9236897
9236898
9236899
9236900
9236901
9236902
9236890
9236891
9236892
9236893
9236894
9236895
9236884
9236885
9236886
9236887
9236888
9236889
9236877
9236878
9236879
9236880
9236881
9236882
9236883
9236871
9236872
9236873
9236874
9236875
9236876
9236866
9236867
9236868
9236869
9236870
9236860
9236861
9236862
9236863
9236864
9236865
9236855
9236856
9236857
9236858
9236859
9236850
9236851
9236852
9236853
9236854
9236845
9236846
9236847
9236848
9236849
9236842
9236843
9236844
9236840
9236835
9236836
9236837
9236838
9236839
9236830
9236831
9236832
9236833
9236834
9236825
9236826
9236827
9236828
9236829
9236820
9236821
9236822
9236823
9236824
9236813
9236814
9236815
9236816
9236817
9236818
9236819
9236808
9236809
9236810
9236811
9236812
9236804
9236805
9236806
9236807
9236800
9236801
9236802
9236803
9236797
9236798
9236799
9236794
9236795
9236796
9236791
9236792
9236793
9236787
9236788
9236789
9236790
9236784
9236785
9236786
9236782
9236783
9236780
9236781
9236777
9236778
9236779
9236775
9236776
9236773
9236774
9236772
9236769
9236771
9236768
9236767
9236766
9236765
9236764
9236763
9236762
9236761
9236760
9236759
9236758
9236757
9236756
9236755
9236754
9236753
9236752
9236751
9236750
9236749
9236712
9236704
9236708
9236696
9236700
9236692
9236693
9236682
9236683
9236687
9236688
9236673
9236677
9236678
9236663
9236665
9236668
9236671
9236658
9236661
9236648
9236649
9236653
9236654
9236638
9236641
9236643
9236645
9236628
9236631
9236633
9236636
9236618
9236621
9236623
9236626
9236611
9236612
9236616
9236601
9236602
9236606
9236607
9236591
9236592
9236596
9236597
9236581
9236583
9236586
9236588
9236572
9236573
9236577
9236578
9236562
9236564
9236567
9236568
9236554
9236557
9236559
9236544
9236546
9236549
9236551
9236534
9236536
9236539
9236541
9236524
9236526
9236529
9236531
9236520
9236521
9236515
9236516
9236510
9236511
9236500
9236501
9236505
9236506
9236489
9236491
9236495
9236496
9236479
9236482
9236484
9236487
9236472
9236474
9236477
9236462
9236464
9236467
9236469
9236453
9236454
9236457
9236459
9236444
9236448
9236449
9236434
9236438
9236439
9236443
9236428
9236429
9236433
9236418
9236419
9236423
9236424
9236407
9236410
9236413
9236415
9236398
9236399
9236403
9236404
9236389
9236393
9236394
9236381
9236383
9236385
9236388
9236370
9236373
9236376
9236378
9236360
9236363
9236365
9236368
9236350
9236353
9236355
9236358
9236342
9236345
9236348
9236336
9236337
9236340
9236326
9236327
9236331
9236332
9236315
9236317
9236320
9236322
9236304
9236307
9236311
9236312
9236294
9236297
9236299
9236302
9236285
9236287
9236289
9236292
9236277
9236279
9236282
9236267
9236269
9236272
9236274
9236258
9236259
9236263
9236264
9236248
9236249
9236253
9236254
9236237
9236239
9236243
9236244
9236227
9236229
9236232
9236234
9236219
9236222
9236224
9236209
9236211
9236214
9236217
9236200
9236201
9236204
9236206
9236195
9236196
9236190
9236191
9236180
9236181
9236185
9236186
9236170
9236171
9236175
9236176
9236162
9236164
9236166
9236152
9236154
9236157
9236159
9236143
9236144
9236147
9236149
9236134
9236138
9236139
9236128
9236129
9236133
9236117
9236119
9236122
9236124
9236109
9236112
9236114
9236100
9236102
9236105
9236107
9236090
9236092
9236095
9236097
9236081
9236082
9236085
9236087
9236071
9236072
9236076
9236077
9236060
9236061
9236065
9236067
9236051
9236054
9236056
9236044
9236046
9236049
9236034
9236035
9236039
9236040
9236024
9236025
9236029
9236030
9236014
9236015
9236019
9236020
9236004
9236005
9236009
9236010
9235996
9235998
9236001
9235986
9235987
9235991
9235992
9235976
9235977
9235981
9235982
9235966
9235967
9235971
9235972
9235956
9235957
9235961
9235962
9235946
9235947
9235951
9235952
9235937
9235940
9235942
9235930
9235932
9235935
9235919
9235921
9235924
9235926
9235909
9235910
9235914
9235916
9235900
9235904
9235905
9235890
9235894
9235895
9235899
9235883
9235885
9235888
9235875
9235877
9235880
9235870
9235864
9235865
9235869
9235854
9235855
9235859
9235860
9235843
9235846
9235848
9235851
9235834
9235837
9235840
9235827
9235828
9235832
9235818
9235819
9235822
9235823
9235810
9235811
9235814
9235815
9235802
9235803
9235806
9235807
9235794
9235795
9235798
9235799
9235790
9235791
9235781
9235782
9235785
9235787
9235775
9235776
9235778
9235779
9235769
9235770
9235772
9235773
9235764
9235765
9235766
9235767
9235761
9235762
9235763
9235758
9235759
9235760
9235754
9235755
9235756
9235757
9235751
9235752
9235753
9235749
9235750
9235748
9235020
9235019
9235018
9235017
9235016
9235015
9235014
9235013
9235012
9235011
9235010
9235009
9235008
9235007
9235006
9235005
9235004
9235003
9235002
9235001
9235000
9234999
9234998
9234997
9234996
9234995
9234994
9234993
9234991
9234992
9234990
9234989
9234988
9234987
9234986
9234985
9234984
9234983
9234982
9234981
9234980
9234979
9234978
9234976
9234977
9234975
9234974
9234973
9234971
9234972
9234970
9234969
9234968
9234967
9234966
9234965
9234964
9234963
9234962
9234961
9234960
9234959
9234957
9234958
9234956
9234955
9234954
9234953
9234952
9234950
9234951
9234949
9234948
9234947
9234946
9234945
9234944
9234943
9234942
9234941
9234940
9234939
9234938
9234937
9234936
9234935
9234934
9234933
9234932
9234931
9234930
9234929
9234928
9234927
9234926
9234925
9234924
9234923
9234922
9234921
9234920
9234919
9234918
9234917
9234916
9234915
9234914
9234913
9234912
9234911
9234910
9234909
9234908
9234907
9234906
9234905
9234904
9234903
9234902
9234901
9234900
9234899
9234898
9234897
9234892
9234891
9234890
9234889
9234888
9234887
9234886
9234885
9234884
9234883
9234882
9234881
9234880
9234879
9234878
9234877
9234876
9234875
9234874
9234873
9234872
9234871
9234870
9234868
9234869
9234867
9234866
9234865
9234864
9234863
9234862
9234860
9234861
9234859
9234858
9234857
9234856
9234855
9234854
9234853
9234852
9234851
9234850
9234849
9234848
9234847
9234845
9234846
9234844
9234843
9234842
9234841
9234840
9234839
9234838
9234836
9234837
9234835
9234834
9234833
9234832
9234831
9234830
9234829
9234827
9234828
9234826
9234825
9234824
9234823
9234822
9234821
9234820
9234819
9234818
9234817
9234816
9234814
9234815
9234813
9234812
9234811
9234810
9234809
9234808
9234807
9234806
9234805
9234804
9234802
9234803
9234801
9234800
9234799
9234798
9234796
9234797
9234795
9234794
9234793
9234791
9234792
9234790
9234789
9234788
9234786
9234787
9234785
9234784
9234783
9234782
9234781
9234780
9234779
9234777
9234778
9234776
9234775
9234774
9234773
9234772
9234771
9234770
9234769
9234768
9234767
9234766
9234765
9234764
9234762
9234763
9234761
9234760
9234759
9234758
9234756
9234757
9234755
9234754
9234753
9234752
9234751
9234750
9234749
9234748
9234747
9234746
9234745
9234744
9234743
9234742
9234740
9234741
9234739
9234738
9234737
9234736
9234735
9234734
9234733
9234732
9234731
9234730
9234729
9234728
9234727
9234726
9234725
9234724
9234723
9234722
9234721
9234720
9234719
9234718
9234717
9234716
9234715
9234714
9234713
9234711
9234712
9234710
9234709
9234708
9234707
9234706
9234705
9234703
9234704
9234702
9234701
9234700
9234699
9234697
9234698
9234692
9234691
9234690
9234689
9234688
9234687
9234686
9234685
9234684
9234683
9234682
9234681
9234680
9234679
9234678
9234677
9234676
9234675
9234674
9234673
9234672
9234671
9234670
9234669
9234667
9234668
9234666
9234665
9234664
9234663
9234662
9234661
9234660
9234659
9234658
9234657
9234656
9234655
9234654
9234653
9234652
9234651
9234650
9234649
9234648
9234647
9234646
9234645
9234644
9234643
9234642
9234641
9234640
9234639
9234638
9234637
9234636
9234635
9234634
9234633
9234632
9234631
9234630
9234629
9234628
9234627
9234626
9234625
9234624
9234623
9234622
9234621
9234606
9234604
9234605
9234603
9234602
9234601
9234599
9234600
9234598
9234597
9234596
9234595
9234594
9234593
9234591
9234592
9234590
9234589
9234588
9234587
9234586
9234585
9234584
9234582
9234581
9234580
9234579
9234578
9234576
9234577
9234575
9234574
9234573
9234572
9234571
9234569
9234570
9234568
9234567
9234566
9234565
9234564
9234563
9234562
9234560
9234561
9234558

10230941
10230017
10229055
10228126
10226881
10213219
10211259
10210857
10210461
10208322
10206965
10205643
10205094
10205090
10205051
10204957
10200473
10198104
10196064
10194572
10192911
10192860
10188262
10187942
10187564
10187082
10186652
10186616
10174583
10174226
10173984
10173653
10173105
10172759
10149863
10146001
10145707
10142871
10140438
10140328
10124514
10124488
10124228
10124192
10122296
10122253
10122203
10119835
10119748
10119363
10119327
10113286
10113255
10113176
10113016
10112970
10112930
10112637
10112572
10112304
10110469
10110357
10110002
10109683
10109628
10109416
10091547
10091544
10091540
9284239
9284238
9284237
9284236
9284235
9284234
9284233
9284232
9284231
9284230
9284229
9284227
9284226
9284225
9284224
9284223
9284222
9284221
9284220
9284219
9284218
9284217
9284216
9284215
9284214
9284213
9284212
9284211
9284210
9284209
9284208
9284207
9284206
9284205
9284204
9284203
9284202
9284201
9284200
9284199
9284198
9284197
9284196
9284195
9284193
9284192
9284191
9284190
9284188
9284187
9284186
9284185
9284184
9284183
9284182
9284181
9284180
9284179
9284178
9284177
9284176
9284175
9284174
9284173
9284172
9284171
9284170
9284169
9284168
9284167
9284166
9284165
9284164
9284163
9284162
9284161
9284160
9284159
9284158
9284157
9284156
9284155
9284154
9284152
9284151
9284150
9284149
9284148
9284147
9284146
9284145
9284144
9284143
9284123
9284122
9284121
9284120
9284119
9284118
9284117
9284116
9284115
9284114
9284113
9284112
9284111
9284110
9284109
9284108
9284107
9284106
9284105
9284104
9284103
9284102
9284101
9284100
9284099
9284098
9284097
9284096
9284095
9284094
9284093
9284092
9284091
9284089
9284088
9284086
9284085
9284084
9284083
9284082
9284081
9284080
9284079
9284078
9284077
9284076
9284075
9284073
9284072
9284071
9284070
9284069
9284068
9284067
9284066
9284065
9284064
9284063
9284062
9284061
9284060
9284059
9284058
9284057
9284056
9284055
9284053
9284052
9284051
9284050
9284049
9284048
9284047
9284045
9284043
9284042
9284041
9284040
9284039
9284038
9284037
9284036
9284035
9284034
9284033
9284032
9284031
9284030
9284029
9284028
9284027
9284026
9284025
9284024
9284023
9284022
9284021
9284020
9284019
9284018
9284017
9284016
9284015
9284014
9284013
9284012
9284011
9284010
9284009
9284008
9284007
9284005
9284004
9284003
9284002
9284001
9284000
9283999
9283998
9283997
9283996
9283995
9283994
9283993
9283992
9283991
9283990
9283989
9283988
9283987
9283986
9283985
9283984
9283983
9283982
9283981
9283980
9283978
9283977
9283976
9283975
9241170
9241169
9241168
9241166
9241167
9241165
9241164
9241162
9241163
9241161
9241160
9241159
9241158
9241157
9241156
9241138
9241139
9241140
9241136
9241137
9241134
9241135
9241132
9241133
9241130
9241131
9241128
9241129
9241126
9241127
9241123
9241124
9241125
9241121
9241122
9241119
9241120
9241116
9241117
9241118
9241114
9241115
9241112
9241113
9241110
9241111
9241108
9241109
9241105
9241106
9241107
9241103
9241104
9241100
9241101
9241102
9241096
9241097
9241098
9241099
9241092
9241093
9241094
9241095
9241088
9241089
9241090
9241091
9241084
9241085
9241086
9241087
9241080
9241081
9241082
9241083
9241076
9241077
9241078
9241079
9241071
9241072
9241073
9241074
9241075
9241065
9241066
9241067
9241068
9241069
9241070
9241061
9241062
9241063
9241064
9241056
9241057
9241058
9241059
9241060
9241051
9241052
9241053
9241054
9241055
9241048
9241049
9241050
9241045
9241046
9241047
9241043
9241044
9241037
9241038
9241039
9241040
9241041
9241032
9241033
9241034
9241035
9241036
9241028
9241029
9241030
9241031
9241023
9241024
9241025
9241026
9241027
9241022
9241017
9241018
9241019
9241020
9241021
9241012
9241013
9241014
9241015
9241016
9241007
9241008
9241009
9241010
9241011
9241002
9241003
9241004
9241005
9241006
9240997
9240998
9240999
9241000
9241001
9240991
9240992
9240993
9240994
9240995
9240996
9240986
9240987
9240988
9240989
9240990
9240981
9240982
9240983
9240984
9240985
9240976
9240977
9240978
9240979
9240980
9240971
9240972
9240973
9240974
9240975
9240966
9240967
9240968
9240969
9240970
9240961
9240962
9240963
9240964
9240965
9240956
9240957
9240958
9240959
9240960
9240951
9240952
9240953
9240954
9240955
9240946
9240947
9240949
9240950
9240942
9240943
9240944
9240945
9240940
9240941
9240935
9240936
9240937
9240938
9240939
9240930
9240931
9240932
9240933
9240934
9240925
9240926
9240927
9240928
9240929
9240923
9240924
9240917
9240918
9240919
9240920
9240921
9240922
9240913
9240914
9240915
9240916
9240908
9240909
9240910
9240911
9240912
9240903
9240904
9240905
9240906
9240907
9240898
9240899
9240900
9240901
9240902
9240893
9240894
9240895
9240896
9240897
9240888
9240889
9240890
9240891
9240892
9240883
9240884
9240885
9240886
9240887
9240877
9240878
9240879
9240880
9240881
9240882
9240873
9240874
9240875
9240876
9240868
9240869
9240870
9240871
9240872
9240863
9240864
9240865
9240866
9240867
9240858
9240859
9240860
9240861
9240862
9240853
9240854
9240855
9240856
9240857
9240850
9240851
9240852
9240846
9240847
9240848
9240849
9240840
9240841
9240842
9240843
9240844
9240835
9240836
9240837
9240838
9240839
9240830
9240831
9240832
9240833
9240834
9240825
9240826
9240827
9240828
9240829
9240820
9240821
9240822
9240823
9240824
9240815
9240816
9240817
9240818
9240819
9240810
9240811
9240812
9240813
9240814
9240805
9240806
9240807
9240808
9240809
9240800
9240801
9240802
9240803
9240804
9240795
9240796
9240797
9240798
9240799
9240790
9240791
9240792
9240793
9240794
9240785
9240786
9240787
9240788
9240789
9240783
9240784
9240778
9240779
9240780
9240781
9240782
9240773
9240774
9240775
9240776
9240777
9240768
9240769
9240770
9240771
9240772
9240765
9240766
9240767
9240760
9240761
9240762
9240763
9240764
9240757
9240758
9240759
9240753
9240754
9240755
9240756
9240748
9240749
9240750
9240751
9240752
9240743
9240744
9240745
9240746
9240747
9240740
9240741
9240742
9240738
9240739
9240733
9240734
9240735
9240736
9240737
9240727
9240728
9240729
9240730
9240731
9240722
9240723
9240724
9240725
9240726
9240720
9240721
9240719
9240714
9240715
9240717
9240718
9240710
9240711
9240712
9240713
9240706
9240707
9240708
9240709
9240701
9240702
9240703
9240704
9240705
9240696
9240697
9240698
9240699
9240700
9240691
9240692
9240693
9240694
9240695
9240689
9240690
9240684
9240685
9240686
9240687
9240688
9240680
9240681
9240682
9240683
9240676
9240677
9240678
9240679
9240671
9240672
9240673
9240674
9240675
9240669
9240670
9240664
9240665
9240666
9240667
9240668
9240659
9240660
9240661
9240662
9240663
9240658
9240654
9240655
9240656
9240657
9240649
9240650
9240651
9240652
9240653
9240647
9240648
9240644
9240645
9240646
9240639
9240640
9240641
9240642
9240643
9240636
9240637
9240638
9240633
9240634
9240635
9240629
9240630
9240631
9240632
9240626
9240627
9240628
9240623
9240624
9240625
9240618
9240619
9240620
9240621
9240622
9240614
9240615
9240616
9240617
9240609
9240610
9240611
9240612
9240613
9240606
9240607
9240608
9240603
9240604
9240605
9240598
9240599
9240600
9240601
9240602
9240593
9240594
9240595
9240596
9240597
9240589
9240590
9240591
9240592
9240587
9240588
9240582
9240583
9240584
9240585
9240586
9240578
9240579
9240580
9240581
9240573
9240574
9240575
9240576
9240577
9240570
9240571
9240572
9240566
9240567
9240568
9240569
9240562
9240563
9240564
9240565
9240557
9240558
9240559
9240560
9240561
9240553
9240554
9240555
9240556
9240548
9240549
9240550
9240551
9240552
9240545
9240546
9240547
9240540
9240541
9240542
9240543
9240544
9240536
9240537
9240538
9240539
9240534
9240535
9240530
9240531
9240532
9240533
9240525
9240526
9240527
9240528
9240529
9240520
9240521
9240522
9240523
9240524
9240517
9240518
9240519
9240512
9240513
9240514
9240515
9240516
9240510
9240511
9240505
9240506
9240507
9240508
9240509
9240502
9240503
9240504
9240498
9240499
9240500
9240501
9240494
9240495
9240496
9240497
9240489
9240490
9240491
9240492
9240493
9240484
9240485
9240486
9240487
9240488
9240480
9240481
9240482
9240483
9240477
9240478
9240479
9240473
9240474
9240475
9240476
9240468
9240469
9240470
9240471
9240472
9240463
9240464
9240465
9240466
9240467
9240459
9240460
9240461
9240462
9240455
9240456
9240457
9240458
9240451
9240452
9240453
9240454
9240448
9240449
9240450
9240443
9240444
9240445
9240446
9240447
9240439
9240440
9240441
9240442
9240433
9240434
9240435
9240436
9240437
9240438
9240428
9240429
9240430
9240431
9240432
9240423
9240424
9240425
9240426
9240427
9240419
9240420
9240421
9240422
9240414
9240415
9240416
9240417
9240418
9240409
9240410
9240411
9240412
9240413
9240403
9240404
9240405
9240406
9240407
9240408
9240399
9240400
9240401
9240402
9240396
9240397
9240398
9240395
9240391
9240392
9240393
9240394
9240386
9240387
9240388
9240389
9240390
9240383
9240384
9240385
9240379
9240380
9240381
9240382
9240374
9240375
9240376
9240377
9240378
9240370
9240371
9240372
9240373
9240366
9240367
9240368
9240369
9240362
9240363
9240364
9240365
9240358
9240359
9240360
9240361
9240353
9240354
9240355
9240356
9240357
9240348
9240349
9240350
9240351
9240352
9240343
9240344
9240345
9240346
9240347
9240339
9240340
9240341
9240342
9240334
9240335
9240336
9240337
9240338
9240331
9240332
9240333
9240327
9240328
9240329
9240330
9240322
9240323
9240324
9240325
9240326
9240319
9240320
9240321
9240314
9240315
9240316
9240317
9240318
9240308
9240309
9240310
9240311
9240312
9240313
9240305
9240306
9240307
9240299
9240300
9240301
9240302
9240303
9240304
9240292
9240293
9240294
9240295
9240296
9240297
9240298
9240289
9240290
9240291
9240282
9240283
9240284
9240285
9240286
9240287
9240288
9240277
9240278
9240279
9240280
9240281
9240271
9240272
9240273
9240274
9240275
9240276
9240265
9240266
9240267
9240268
9240269
9240270
9240258
9240259
9240260
9240261
9240262
9240263
9240264
9240254
9240255
9240256
9240257
9240248
9240249
9240250
9240251
9240252
9240253
9240242
9240243
9240244
9240245
9240246
9240247
9240237
9240238
9240239
9240240
9240241
9240231
9240232
9240233
9240234
9240235
9240236
9240223
9240224
9240225
9240226
9240227
9240228
9240229
9240230
9240220
9240221
9240222
9240214
9240215
9240216
9240217
9240218
9240219
9240207
9240208
9240209
9240210
9240211
9240212
9240213
9240203
9240204
9240205
9240206
9240195
9240196
9240197
9240198
9240199
9240200
9240201
9240202
9240187
9240188
9240189
9240190
9240191
9240192
9240193
9240194
9240179
9240180
9240181
9240182
9240183
9240184
9240185
9240186
9240173
9240174
9240175
9240176
9240177
9240178
9240166
9240167
9240168
9240169
9240170
9240171
9240172
9240157
9240158
9240159
9240160
9240161
9240162
9240163
9240164
9240165
9240148
9240149
9240150
9240151
9240152
9240153
9240154
9240155
9240156
9240142
9240143
9240144
9240145
9240146
9240147
9240137
9240138
9240139
9240140
9240141
9240129
9240130
9240131
9240132
9240133
9240134
9240135
9240136
9240122
9240123
9240124
9240125
9240126
9240127
9240128
9240114
9240115
9240116
9240117
9240118
9240119
9240120
9240121
9240109
9240110
9240111
9240112
9240113
9240102
9240103
9240104
9240105
9240106
9240107
9240108
9240094
9240095
9240096
9240097
9240098
9240099
9240100
9240101
9240087
9240088
9240089
9240090
9240091
9240092
9240093
9240081
9240082
9240083
9240084
9240085
9240086
9240073
9240074
9240075
9240076
9240077
9240078
9240079
9240080
9240072
9240067
9240068
9240069
9240070
9240071
9240059
9240060
9240061
9240062
9240063
9240064
9240065
9240066
9240054
9240055
9240056
9240057
9240058
9240045
9240046
9240047
9240048
9240049
9240050
9240051
9240052
9240053
9240040
9240041
9240042
9240043
9240044
9240032
9240033
9240034
9240035
9240036
9240037
9240038
9240039
9240027
9240028
9240029
9240030
9240031
9240018
9240019
9240020
9240021
9240022
9240023
9240024
9240025
9240026
9240013
9240014
9240015
9240016
9240017
9240008
9240009
9240010
9240011
9240012
9239999
9240000
9240001
9240002
9240003
9240004
9240005
9240006
9240007
9239993
9239994
9239995
9239996
9239997
9239998
9239986
9239987
9239988
9239989
9239990
9239991
9239992
9239980
9239981
9239982
9239983
9239984
9239985
9239972
9239973
9239974
9239975
9239976
9239977
9239978
9239979
9239968
9239969
9239970
9239971
9239962
9239963
9239964
9239965
9239966
9239967
9239954
9239955
9239956
9239957
9239958
9239959
9239960
9239961
9239946
9239947
9239948
9239949
9239950
9239951
9239952
9239953
9239939
9239940
9239941
9239942
9239943
9239944
9239945
9239934
9239935
9239936
9239937
9239938
9239926
9239927
9239928
9239929
9239930
9239931
9239932
9239933
9239918
9239919
9239920
9239921
9239922
9239923
9239924
9239925
9239911
9239912
9239913
9234559
9234556
9234557
9234554
9234555
9234552
9234553
9234550
9234551
9234548
9234549
9234546
9234547
9234544
9234545
9234542
9234543
9234540
9234541
9234536
9234537
9234538
9234539
9234533
9234534
9234535
9234529
9234530
9234531
9234527
9234528
9234524
9234525
9234526
9234521
9234522
9234523
9234520
9234517
9234518
9234519
9234513
9234514
9234515
9234516
9234511
9234512
9234508
9234509
9234510
9234505
9234506
9234507
9234502
9234503
9234504
9234500
9234501
9234497
9234498
9234499
9234493
9234494
9234495
9234496
9234490
9234492
9234487
9234488
9234489
9234491
9234485
9234486
9234483
9234484
9234481
9234482
9234479
9234480
9234478
9234475
9234476
9234477
9234472
9234473
9234474
9234469
9234470
9234471
9234466
9234467
9234468
9234463
9234464
9234465
9234460
9234461
9234462
9234458
9234459
9234456
9234457
9234453
9234454
9234455
9234450
9234451
9234452
9234447
9234448
9234449
9234444
9234445
9234446
9234441
9234442
9234443
9234438
9234439
9234440
9234434
9234435
9234436
9234431
9234432
9234433
9234428
9234429
9234430
9234425
9234426
9234427
9234422
9234423
9234424
9234419
9234420
9234421
9234418
9234415
9234416
9234417
9234412
9234413
9234414
9234409
9234410
9234411
9234406
9234407
9234408
9234402
9234403
9234404
9234405
9234398
9234399
9234400
9234401
9234396
9234397
9234393
9234394
9234395
9234389
9234390
9234391
9234392
9234387
9234388
9234384
9234385
9234386
9234381
9234382
9234383
9234378
9234379
9234380
9234375
9234376
9234377
9234372
9234373
9234374
9234369
9234370
9234371
9234366
9234367
9234368
9234362
9234363
9234364
9234365
9234359
9234360
9234361
9234356
9234357
9234358
9234353
9234354
9234355
9234350
9234351
9234352
9234347
9234348
9234349
9234344
9234345
9234346
9234340
9234341
9234342
9234343
9234337
9234338
9234339
9234334
9234335
9234336
9234331
9234332
9234333
9234329
9234330
9234326
9234327
9234328
9234323
9234324
9234325
9234319
9234320
9234321
9234322
9234315
9234316
9234317
9234318
9234312
9234313
9234314
9234309
9234310
9234311
9234305
9234306
9234307
9234308
9234302
9234303
9234304
9234299
9234300
9234301
9234297
9234298
9234294
9234295
9234296
9234291
9234292
9234293
9234287
9234288
9234289
9234290
9234283
9234284
9234285
9234286
9234280
9234281
9234282
9234278
9234279
9234276
9234277
9234273
9234274
9234275
9234270
9234271
9234272
9234267
9234268
9234269
9234264
9234265
9234266
9234261
9234262
9234263
9234258
9234259
9234260
9234255
9234256
9234257
9234253
9234254
9234251
9234252
9234248
9234249
9234250
9234245
9234246
9234247
9234243
9234244
9234239
9234240
9234241
9234242
9234236
9234237
9234238
9234233
9234234
9234235
9234230
9234231
9234232
9234227
9234228
9234229
9234224
9234225
9234226
9234221
9234222
9234223
9234218
9234219
9234220
9234215
9234216
9234217
9234212
9234213
9234214
9234209
9234210
9234211
9234206
9234207
9234208
9234203
9234204
9234205
9234199
9234200
9234201
9234202
9234196
9234197
9234198
9234192
9234193
9234194
9234195
9234189
9234190
9234191
9234185
9234186
9234187
9234188
9234182
9234183
9234184
9234179
9234180
9234181
9234176
9234177
9234178
9234173
9234174
9234175
9234170
9234171
9234172
9234168
9234169
9234165
9234166
9234167
9234163
9234164
9234161
9234162
9234158
9234159
9234160
9234157
9234155
9234156
9234152
9234153
9234154
9234149
9234150
9234151
9234148
9234145
9234146
9234147
9234142
9234143
9234144
9234139
9234140
9234141
9234135
9234136
9234137
9234138
9234132
9234133
9234134
9234129
9234130
9234131
9234126
9234127
9234128
9234124
9234125
9234122
9234123
9234119
9234120
9234121
9234117
9234118
9234114
9234115
9234116
9234111
9234112
9234113
9234108
9234109
9234110
9234106
9234107
9234104
9234105
9234101
9234102
9234103
9234099
9234100
9234097
9234098
9234094
9234095
9234096
9234092
9234093
9234090
9234091
9234088
9234089
9234085
9234086
9234087
9234083
9234084
9234080
9234081
9234082
9234078
9234079
9234076
9234077
9234073
9234074
9234075
9234071
9234072
9234069
9234070
9234067
9234068
9234065
9234066
9234063
9234064
9234059
9234060
9234061
9234062
9234057
9234058
9234055
9234056
9234053
9234054
9234051
9234052
9234049
9234050
9234047
9234048
9234045
9234046
9234043
9234044
9234041
9234042
9234039
9234040
9234037
9234038
9234035
9234036
9234033
9234034
9234031
9234032
9234029
9234030
9234027
9234028
9234026
9234024
9234025
9234022
9234023
9234020
9234021
9234018
9234019
9234017
9234015
9234016
9234014
9234013
9234012
9234011
9234010
9234009
9234008
9234007
9234006
9234005
9234004
9233554
9233553
9233552
9233551
9233550
9233549
9233548
9233547
9233546
9233545
9233544
9233543
9233542
9233541
9233540
9233538
9233537
9233536
9233534
9233535
9233533
9233532
9233531
9233530
9233529
9233528
9233527
9233526
9233525
9233523
9233524
9233522
9233521
9233520
9233519
9233518
9233517
9233516
9233515
9233514
9233513
9233512
9233511
9233510
9233509
9233508
9233507
9233506
9233505
9233504
9233503
9233502
9233501
9233500
9233499
9233498
9233497
9233496
9233495
9233494
9233492
9233491
9233490
9233489
9233488
9233487
9233486
9233485
9233484
9233483
9233482
9233481
9233480
9233479
9233478
9233477
9233476
9233475
9233474
9233473
9233472
9233471
9233470
9233469
9233468
9233467
9233466
9233465
9233463
9233462
9233461
9233460
9233459
9233458
9233457
9233456
9233454
9233453
9233452
9233451
9233449
9233448
9233447
9233446
9233445
9233444
9233442
9233441
9233440
9233439
9233438
9233437
9233436
9233435
9233434
9233433
9233432
9233430
9233429
9233428
9233427
9233426
9233425
9233424
9233423
9233422
9233421
9233420
9233419
9233418
9233417
9233416
9233415
9233414
9233413
9233410
9233409
9233408
9233407
9233406
9233405
9233404
9233403
9233402
9233401
9233400
9233399
9233398
9233397
9233396
9233395
9233394
9233393
9233392
9233391
9233390
9233389
9233388
9233387
9233386
9233385
9233383
9233382
9233381
9233380
9233379
9233378
9233377
9233376
9233374
9233373
9233372
9233371
9233370
9233369
9233368
9233367
9233366
9233364
9233363
9233362
9233361
9233360
9233359
9233357
9233356
9233355
9233354
9233353
9233352
9233351
9233350
9233349
9233348
9233347
9233346
9233345
9233344
9233338
9233337
9233336
9233335
9233334
9233333
9233332
9233331
9233330
9233329
9233328
9233327
9233326
9233325
9233324
9233323
9233322
9233321
9233320
9233319
9233318
9233317
9233316
9233315
9233314
9233313
9233312
9233311
9233310
9233309
9233308
9233307
9233305
9233304
9233303
9233302
9233301
9233300
9233299
9233298
9233297
9233296
9233295
9233294
9233293
9233292
9233291
9233290
9233289
9233288
9233287
9233286
9233285
9233284
9233283
9233281
9233280
9233279
9233278
9233277
9233276
9233275
9233274
9233273
9233272
9233271
9233270
9233269
9233268
9233267
9233266
9233265
9233264
9233263
9233262
9233261
9233260
9233259
9233258
9233257
9233256
9233255
9233254
9233253
9233252
9233251
9233250
9233249
9233248
9233247
9233246
9233245
9233244
9233243
9233242
9233241
9233240
9233239
9233238
9233237
9233236
9233235
9233234
9233233
9233232
9233231
9233230
9233229
9233228
9233227
9233226
9233225
9233224
9233223
9233222
9233221
9233220
9233219
9233218
9233217
9233216
9233215
9233214
9233213
9233212
9233211
9233210
9233209
9233208
9233207
9233206
9233205
9233204
9233203
9233202
9233201
9233200
9233199
9233198
9233197
9233196
9233195
9233194
9233193
9233192
9233191
9233190
9233188
9233187
9233186
9233185
9233184
9233183
9233181
9233180
9233179
9233178
9233177
9233176
9233175
9233173
9233172
9233171
9233170
9233169
9233168
9233167
9233166
9233165
9233164
9233163
9233162
9233161
9233160
9233159
9233158
9233157
9233156
9233155
9233153
9233152
9233151
9233150
9233149
9233148
9233147
9233146
9233145
9233144
9233143
9233142
9233141
9233140
9233139
9233138
9233137
9233136
9233135
9233134
9233133
9233121
9233120
9233119
9233118
9233117
9233115
9233114
9233112
9233111
9233110
9233109
9233108
9233107
9233106
9233104
9233105
9233103
9233102
9233101
9233100
9233097
9233098
9233096
9233094
9233093
9233092
9233091
9233090
9233089
9233088
9233087
9233086
9233083
9233084
9233082
9233080
9233079
9233078
9233077
9233076
9233075
9233074
9233073
9233072
9233071
9233070
9233068
9233069
9233067
9233066
9233065
9233064
9233063
9233062
9233059
9233060
9233058
9233057
9233056
9233055
9233054
9233051
9233052
9233050
9233049
9233048
9233047
9233045
9233046
9233044
9233043
9233042
9233041
9233039
9233040
9233038
9233037
9233036
9233035
9233033
9233034
9233032
9233031
9233030
9233029
9233027
9233028
9233025
9233024
9233023
9233022
9233020
9233021
9233019
9233018
9233017
9233016
9233014
9233015
9233012
9233011
9233010
9233008
9233009
9233007
9233006
9233005
9233003
9233004
9233002
9233001
9233000
9232999
9232997
9232995
9232996
9232994
9232993
9232992
9232991
9232989
9232990
9232988
9232987
9232986
9232984
9232985
9232983
9232982
9232981
9232980
9232979
9232978
9232977
9232976
9232975
9232974
9232973
9232972
9232971
9232970
9232968
9232967
9232966
9232964
9232965
9232963
9232962
9232961
9232960
9232959
9232957
9232958
9232956
9232955
9232954
9232953
9232952
9232951
9232950
9232949
9232947
9232948
9232946
9232945
9232944
9232943
9232940
9232942
9232939
9232938
9232936
9232937
9232935
9232934
9232933
9232931
9232932
9232930
9232929
9232928
9232927
9232925
9232926
9232924
9232923
9232922
9232920
9232919
9232918
9232917
9232916
9232914
9232915
9232913
9232912
9232911
9232910
9232909
9232908
9232895
9232894
9232893
9232892
9232891
9232890
9232889
9232888
9232887
9232886
9232884
9232885
9232883
9232882
9232881
9232880
9232879
9232877
9232878
9232876
9232875
9232874
9232873
9232872
9232871
9232870
9232868
9232869
9232867
9232866
9232865
9232863
9232864
9232862
9232861
9232860
9232859
9232858
9232856
9232857
9232855
9232854
9232853
9232852
9232851
9232849
9232850
9232848
9232847
9232846
9232845
9232844
9232843
9232842
9232840
9232841
9232839
9232838
9232837
9232835
9232836
9232834
9232833
9232832
9232831
9232829
9232830
9232827
9232826
9232825
9232824
9232823
9232822
9232821
9232819
9232820
9232818
9232817
9232816
9232815
9232814
9232813
9232812
9232811
9232810
9232809
9232807
9232808
9232806
9232805
9232804
9232802
9232801
9232799
9232798
9232797
9232796
9232795
9232794
9232792
9232793
9232791
9232790
9232789
9232788
9232787
9232786
9232785
9232784
9232783
9232782
9232780
9232781
9232779
9232778
9232777
9232776
9232775
9232774
9232773
9232772
9232770
9232771
9232769
9232768
9232767
9232766
9232765
9232763
9232764
9232762
9232761
9232760
9232759
9232758
9232757
9232755
9232754
9232753
9232751
9232752
9232750
9232749
9232748
9232746
9232745
9232744
9232742
9232741
9232740
9232739
9232737
9232736
9232734
9232735
9232733
9232732
9232731
9232730
9232729
9232728
9232727
9232725
9232726
9232724
9232723
9232722
9232721
9232720
9232719
9232718
9232717
9232716
9232715
9232714
9232713
9232712
9232711
9232710
9232709
9232708
9232707
9232706
9232705
9232704
9232703
9232702
9232701
9232700
9232699
9232698
9232697
9232696
9232695
9232694
9232693
9232692
9232691
9232690
9232689
9232678
9232677
9232676
9232675
9232674
9232673
9232672
9232671
9232670
9232669
9232668
9232667
9232666
9232665
9232664
9232663
9232662
9232661
9232660
9232659
9232658
9232657
9232656
9232654
9232655
9232653
9232652
9232651
9232649
9232648
9232647
9232646
9232644
9232645
9232643
9232642
9232641
9232640
9232639
9232637
9232636
9232635
9232634
9232633
9232632
9232631
9232630
9232629
9232628
9232626
9232627
9232625
9232624
9232623
9232622
9232621
9232620
9232619
9232618
9232617
9232616
9232615
9232614
9232613
9232612
9232611
9232610
9232609
9232608
9232607
9232606
9232605
9232604
9232603
9232601
9232602
9232599
9232598
9232597
9232596
9232595
9232594
9232593
9232592
9232591
9232590
9232589
9232587
9232586
9232585
9232583
9232582
9232581
9232580
9232579
9232578
9232577
9232576
9232574
9232575
9232573
9232572
9232571
9232570
9232569
9232568
9232567
9232564
9232565
9232563
9232562
9232561
9232559
9232560
9232557
9232558
9232556
9232555
9232554
9232553
9232552
9232551
9232549
9232548
9232547
9232546
9232545
9232544
9232543
9232542
9232541
9232540
9232538
9232537
9232536
9232535
9232534
9232533
9232532
9232531
9232530
9232529
9232528
9232527
9232526
9232525
9232524
9232523
9232522
9232521
9232519
9232520
9232518
9232517
9232516
9232515
9232514
9232512
9232513
9232511
9232510
9232509
9232508
9232507
9232506
9232505
9232504
9232503
9232502
9232501
9232498
9232497
9232496
9232495
9232494
9232493
9232492
9232491
9232490
9232488
9232487
9232486
9232484
9232483
9232482
9232481
9232480
9232479
9232478
9232476
9232475
9232473
9232474
9232472
9232470
9232469
9232468
9232467
9232466
9232465
9239914
9239915
9239916
9239917
9239904
9239905
9239906
9239907
9239908
9239909
9239910
9239899
9239900
9239901
9239902
9239903
9239893
9239894
9239895
9239896
9239897
9239898
9239886
9239887
9239888
9239889
9239890
9239891
9239892
9239883
9239884
9239885
9239876
9239877
9239878
9239879
9239881
9239882
9239869
9239870
9239871
9239872
9239873
9239874
9239875
9239862
9239863
9239864
9239865
9239866
9239867
9239868
9239857
9239858
9239859
9239860
9239861
9239851
9239852
9239853
9239854
9239855
9239856
9239845
9239846
9239847
9239848
9239849
9239850
9239841
9239842
9239843
9239844
9239835
9239836
9239837
9239838
9239839
9239840
9239829
9239830
9239831
9239832
9239833
9239834
9239823
9239824
9239825
9239826
9239827
9239828
9239818
9239819
9239820
9239821
9239822
9239813
9239814
9239815
9239816
9239817
9239807
9239808
9239809
9239810
9239811
9239812
9239803
9239804
9239805
9239806
9239797
9239798
9239799
9239800
9239801
9239802
9239791
9239792
9239793
9239794
9239795
9239796
9239785
9239786
9239787
9239788
9239789
9239790
9239779
9239780
9239781
9239782
9239783
9239784
9239772
9239773
9239774
9239775
9239776
9239777
9239778
9239767
9239768
9239769
9239770
9239771
9239761
9239762
9239763
9239764
9239765
9239766
9239754
9239755
9239756
9239757
9239758
9239759
9239760
9239750
9239751
9239752
9239753
9239748
9239749
9239741
9239742
9239743
9239744
9239745
9239746
9239747
9239736
9239737
9239738
9239739
9239740
9239731
9239732
9239733
9239734
9239735
9239725
9239726
9239727
9239728
9239729
9239730
9239719
9239720
9239721
9239722
9239723
9239724
9239713
9239714
9239715
9239716
9239717
9239718
9239709
9239710
9239711
9239712
9239703
9239704
9239705
9239706
9239707
9239708
9239696
9239697
9239698
9239699
9239700
9239701
9239702
9239690
9239691
9239692
9239693
9239694
9239695
9239684
9239685
9239686
9239687
9239688
9239689
9239680
9239681
9239682
9239683
9239674
9239675
9239676
9239677
9239678
9239679
9239668
9239669
9239670
9239671
9239672
9239673
9239662
9239663
9239664
9239665
9239666
9239667
9239656
9239657
9239658
9239659
9239660
9239661
9239650
9239651
9239652
9239653
9239654
9239655
9239644
9239645
9239646
9239647
9239648
9239649
9239639
9239640
9239641
9239642
9239643
9239634
9239635
9239636
9239637
9239638
9239629
9239630
9239631
9239632
9239633
9239622
9239623
9239624
9239625
9239626
9239627
9239628
9239618
9239619
9239620
9239621
9239612
9239613
9239614
9239615
9239616
9239617
9239606
9239607
9239608
9239609
9239610
9239611
9239600
9239601
9239602
9239603
9239604
9239605
9239594
9239595
9239596
9239597
9239598
9239599
9239588
9239589
9239590
9239591
9239592
9239593
9239582
9239583
9239584
9239585
9239586
9239587
9239575
9239576
9239577
9239578
9239579
9239580
9239581
9239569
9239570
9239571
9239572
9239573
9239574
9239563
9239564
9239565
9239566
9239567
9239568
9239557
9239558
9239559
9239560
9239561
9239562
9239551
9239552
9239553
9239554
9239555
9239556
9239547
9239548
9239549
9239550
9239541
9239542
9239543
9239544
9239545
9239546
9239535
9239536
9239537
9239538
9239539
9239540
9239529
9239530
9239531
9239532
9239533
9239534
9239523
9239524
9239525
9239526
9239527
9239528
9239517
9239518
9239519
9239520
9239521
9239522
9239511
9239512
9239513
9239514
9239515
9239516
9239505
9239506
9239507
9239508
9239509
9239510
9239499
9239500
9239501
9239502
9239503
9239504
9239493
9239494
9239495
9239496
9239497
9239498
9239487
9239488
9239489
9239490
9239491
9239492
9239485
9239486
9239479
9239480
9239481
9239482
9239483
9239484
9239473
9239474
9239475
9239476
9239477
9239478
9239467
9239468
9239469
9239470
9239471
9239472
9239462
9239463
9239464
9239465
9239466
9239457
9239458
9239459
9239460
9239461
9239453
9239454
9239455
9239456
9239449
9239450
9239451
9239452
9239443
9239444
9239445
9239446
9239447
9239448
9239437
9239438
9239439
9239440
9239441
9239442
9239431
9239432
9239433
9239434
9239435
9239436
9239427
9239428
9239429
9239430
9239425
9239426
9239419
9239420
9239421
9239422
9239423
9239424
9239413
9239414
9239415
9239416
9239417
9239418
9239407
9239408
9239409
9239410
9239411
9239412
9239401
9239402
9239403
9239404
9239405
9239406
9239395
9239396
9239397
9239398
9239399
9239400
9239391
9239392
9239393
9239394
9239385
9239386
9239387
9239388
9239389
9239390
9239379
9239380
9239381
9239382
9239383
9239384
9239373
9239374
9239375
9239376
9239377
9239378
9239367
9239368
9239369
9239370
9239371
9239372
9239361
9239362
9239363
9239364
9239365
9239366
9239355
9239356
9239357
9239358
9239359
9239360
9239349
9239350
9239351
9239352
9239353
9239354
9239343
9239344
9239345
9239346
9239347
9239348
9239337
9239338
9239339
9239340
9239341
9239342
9239331
9239332
9239333
9239334
9239335
9239336
9239325
9239326
9239327
9239328
9239329
9239330
9239319
9239320
9239321
9239322
9239323
9239324
9239312
9239313
9239314
9239315
9239316
9239317
9239318
9239304
9239305
9239306
9239307
9239308
9239309
9239310
9239311
9239296
9239297
9239298
9239299
9239300
9239301
9239302
9239303
9239290
9239291
9239292
9239293
9239294
9239295
9239286
9239287
9239288
9239289
9239279
9239280
9239281
9239282
9239283
9239284
9239285
9239269
9239270
9239271
9239272
9239273
9239274
9239275
9239276
9239277
9239266
9239267
9239268
9239258
9239259
9239260
9239261
9239262
9239263
9239264
9239265
9239248
9239249
9239250
9239251
9239252
9239253
9239254
9239255
9239256
9239257
9239239
9239240
9239241
9239242
9239243
9239244
9239245
9239246
9239247
9239231
9239232
9239233
9239234
9239235
9239236
9239237
9239238
9239223
9239224
9239225
9239226
9239227
9239228
9239229
9239230
9239213
9239214
9239215
9239216
9239217
9239218
9239219
9239220
9239221
9239222
9239203
9239204
9239205
9239206
9239207
9239208
9239209
9239210
9239211
9239212
9239193
9239194
9239195
9239196
9239197
9239198
9239199
9239200
9239201
9239202
9239184
9239185
9239186
9239187
9239188
9239189
9239190
9239191
9239192
9239175
9239176
9239177
9239178
9239179
9239180
9239181
9239182
9239183
9239168
9239169
9239170
9239171
9239172
9239173
9239174
9239160
9239161
9239162
9239163
9239164
9239165
9239166
9239167
9239151
9239152
9239153
9239154
9239155
9239156
9239157
9239158
9239159
9239142
9239143
9239144
9239145
9239146
9239147
9239148
9239149
9239150
9239132
9239133
9239134
9239135
9239136
9239137
9239138
9239139
9239140
9239141
9239121
9239122
9239123
9239124
9239125
9239126
9239127
9239128
9239129
9239130
9239131
9239112
9239113
9239114
9239115
9239116
9239117
9239118
9239119
9239120
9239103
9239104
9239105
9239106
9239107
9239108
9239109
9239110
9239111
9239091
9239092
9239093
9239094
9239095
9239096
9239097
9239098
9239099
9239100
9239101
9239102
9239080
9239081
9239082
9239083
9239084
9239085
9239086
9239087
9239088
9239089
9239090
9239069
9239070
9239071
9239072
9239073
9239074
9239075
9239076
9239077
9239078
9239079
9239058
9239059
9239060
9239061
9239062
9239063
9239064
9239065
9239066
9239067
9239068
9239046
9239047
9239048
9239049
9239050
9239051
9239052
9239053
9239054
9239055
9239056
9239057
9239035
9239036
9239037
9239038
9239039
9239040
9239041
9239042
9239043
9239044
9239045
9239027
9239028
9239029
9239030
9239031
9239032
9239033
9239034
9239021
9239022
9239023
9239024
9239025
9239026
9239010
9239011
9239012
9239013
9239014
9239015
9239016
9239017
9239018
9239019
9239020
9238997
9238998
9238999
9239000
9239001
9239002
9239003
9239004
9239005
9239006
9239007
9239008
9239009
9238987
9238988
9238989
9238990
9238991
9238992
9238993
9238994
9238995
9238996
9238978
9238979
9238980
9238981
9238982
9238983
9238984
9238985
9238986
9238966
9238967
9238968
9238969
9238970
9238971
9238972
9238973
9238974
9238975
9238976
9238977
9238958
9238959
9238960
9238961
9238962
9238963
9238964
9238965
9238947
9238948
9238949
9238950
9238951
9238952
9238953
9238954
9238955
9238956
9238957
9238935
9238936
9238937
9238938
9238939
9238940
9238941
9238942
9238943
9238944
9238945
9238946
9238925
9238926
9238927
9238928
9238929
9238930
9238931
9238932
9238933
9238934
9238918
9238919
9238920
9238921
9238922
9238923
9238924
9238912
9238913
9238914
9238915
9238916
9238917
9238900
9238901
9238902
9238903
9238904
9238905
9238906
9238907
9238908
9238909
9238910
9238911
9238886
9238887
9238888
9238889
9238890
9238891
9238892
9238893
9238894
9238895
9238896
9238897
9238898
9238899
9238872
9238873
9238874
9238875
9238876
9238877
9238878
9238879
9238880
9238881
9238882
9238883
9238884
9238885
9238862
9238863
9238864
9238865
9238866
9238867
9238868
9238869
9238870
9238871
9238851
9238852
9238853
9238854
9238855
9238856
9238857
9238858
9238859
9238860
9238861
9238840
9238841
9238842
9238843
9238844
9238845
9238846
9238847
9238848
9238849
9238850
9238826
9238827
9238828
9238829
9238830
9238831
9238832
9238833
9238834
9238835
9238836
9238837
9238838
9238839
9238812
9238813
9238814
9238815
9238816
9238817
9238818
9238819
9238820
9238821
9238822
9238823
9238824
9238825
9238801
9238802
9238803
9238804
9238805
9238806
9238807
9238808
9238809
9238810
9238811
9238792
9238793
9238794
9238795
9238796
9238797
9238798
9238799
9238800
9238780
9238781
9238782
9238783
9238784
9238785
9238786
9238787
9238788
9238789
9238790
9238791
9238778
9238779
9238769
9238770
9238771
9238772
9238773
9238774
9238775
9238776
9238777
9238757
9238758
9238759
9238760
9238761
9238762
9238763
9238764
9238765
9238766
9238767
9238768
9238746
9238747
9238748
9238749
9238750
9238751
9238752
9238753
9238754
9238755
9238756
9238733
9238734
9238735
9238736
9238737
9238738
9238739
9238740
9238741
9238742
9238743
9238744
9238745
9238722
9238723
9238724
9238725
9238726
9238727
9238728
9238729
9238730
9238731
9238732
9238707
9238708
9238709
9238710
9238711
9238712
9238713
9238714
9238716
9238717
9238718
9238719
9238720
9238721
9238692
9238693
9238694
9238695
9238696
9238697
9238698
9238699
9238700
9238701
9238702
9238703
9238704
9238705
9238706
9238686
9238687
9238688
9238689
9238690
9238691
9238679
9238680
9238681
9238682
9238683
9238684
9238685
9238666
9238667
9238668
9238669
9238670
9238671
9238672
9238673
9238674
9238675
9238676
9238677
9238678
9238657
9238658
9238659
9238660
9238661
9238662
9238663
9238664
9238665
9238651
9238652
9238653
9238654
9238655
9238656
9238640
9238641
9238642
9238643
9238644
9238645
9238646
9238647
9238648
9238649
9238650
9238627
9238628
9238629
9238630
9238631
9238632
9238633
9238634
9238635
9238636
9238637
9238638
9238639
9238622
9238623
9238624
9238625
9238626
9238612
9238613
9238614
9238615
9238616
9238617
9238618
9238619
9238620
9238621
9238599
9238600
9238601
9238602
9238603
9238604
9238605
9238606
9238607
9238608
9238609
9238610
9238611
9238586
9238587
9238588
9238589
9238590
9238591
9238592
9238593
9238594
9238595
9238596
9238597
9238598
9238573
9238574
9238575
9238576
9238577
9238578
9238579
9238580
9238581
9238582
9238583
9238584
9238585
9238560
9238561
9238562
9238563
9238564
9238565
9238566
9238567
9238568
9238569
9238570
9238571
9238572
9238552
9238553
9238554
9238555
9238556
9238557
9238558
9238559
9238541
9238542
9238543
9238544
9238545
9238546
9238547
9238548
9238549
9238550
9238551
9238529
9238530
9238531
9238532
9238533
9238534
9238535
9238536
9238537
9238538
9238539
9238540
9238518
9238519
9238520
9238521
9238522
9238523
9238524
9238525
9238526
9238527
9238528
9238505
9238506
9238507
9238508
9238509
9238510
9238511
9238512
9238513
9238514
9238515
9238516
9238517
9238492
9238493
9238494
9238495
9238496
9238497
9238498
9238499
9238500
9238501
9238502
9238503
9238504
9238481
9238482
9238483
9238484
9238485
9238486
9238487
9238488
9238489
9238490
9238491
9238471
9238472
9238473
9238474
9238475
9238476
9238477
9238478
9238479
9238480
9238462
9238463
9238464
9238465
9238466
9238467
9238468
9238469
9238470
9238456
9238457
9238458
9238459
9238460
9238461
9238451
9238452
9238453
9238454
9238455
9238441
9238442
9238443
9238444
9238445
9238446
9238447
9238448
9238449
9238450
9238435
9238436
9238437
9238438
9238439
9238440
9238428
9238429
9238430
9238431
9238432
9238433
9238434
9238418
9238419
9238420
9238421
9238422
9238423
9238424
9238425
9238426
9238427
9238406
9238407
9238408
9238409
9238410
9238411
9238412
9238413
9238414
9238415
9238416
9238417
9238394
9238395
9238396
9238397
9238398
9238399
9238400
9238401
9238402
9238403
9238404
9238405
9238383
9238384
9238385
9238386
9238387
9238388
9238389
9238390
9238391
9238392
9238393
9238381
9238382
9238370
9238371
9238372
9238373
9238374
9238375
9238376
9238377
9238378
9238379
9238380
9238360
9238361
9238362
9238363
9238364
9238365
9238366
9238367
9238368
9238369
9238349
9238350
9238351
9238352
9238353
9238354
9238355
9238356
9238357
9238358
9238359
9238338
9238339
9238340
9238341
9238342
9238343
9238344
9238345
9238346
9238347
9238348
9238331
9238332
9238333
9238334
9238335
9238336
9238337
9238325
9238326
9238327
9238328
9238329
9238330
9238314
9238315
9238316
9238317
9238318
9238319
9238320
9238321
9238322
9238323
9238324
9238303
9238304
9238305
9238306
9238307
9238308
9238309
9238310
9238311
9238312
9238313
9238293
9238294
9238295
9238296
9238297
9238298
9238299
9238300
9238301
9238302
9238282
9238283
9238284
9238285
9238286
9238287
9238288
9238289
9238290
9238291
9238292
9238273
9238274
9238275
9238276
9238277
9238278
9238279
9238280
9238281
9238263
9238264
9238265
9238266
9238267
9238268
9238269
9238270
9238271
9238272
9238254
9238255
9238256
9238257
9238258
9238259
9238260
9238261
9238262
9238244
9238245
9238246
9238247
9238248
9238249
9238250
9238251
9238252
9238253
9238233
9238234
9238235
9238236
9238237
9238238
9238239
9238240
9238241
9238242
9238243
9238223
9238224
9238225
9238226
9238227
9238228
9238229
9238230
9238231
9238232
9238215
9238216
9238217
9238218
9238219
9238220
9238221
9238222
9238207
9238208
9238209
9238210
9238211
9238212
9238213
9238214
9238196
9238197
9238198
9238199
9238200
9238201
9238202
9238203
9238204
9238205
9238206
9238186
9238187
9238188
9238189
9238190
9238191
9238192
9238193
9238194
9238195
9238175
9238176
9238177
9238178
9238179
9238180
9238181
9238182
9238183
9238184
9238185
9238164
9238165
9238166
9238167
9238168
9238169
9238170
9238171
9238172
9238173
9238174
9238155
9238156
9238157
9238158
9238159
9238160
9238161
9238162
9238163
9238144
9238145
9238146
9238147
9238148
9238149
9238150
9238151
9238152
9238153
9238154
9238135
9238137
9238138
9238139
9238140
9238141
9238142
9238143
9238133
9238134
9238136
9238127
9238128
9238129
9238130
9238131
9238132
9238116
9238117
9238118
9238119
9238120
9238121
9238122
9238123
9238124
9238125
9238126
9238105
9238106
9238107
9238108
9238109
9238110
9238111
9238112
9238113
9238114
9238115
9238095
9238096
9238097
9238098
9238099
9238100
9238101
9238102
9238103
9238104
9238087
9238088
9238089
9238090
9238091
9238092
9238093
9238094
9238083
9238084
9238085
9238086
9238072
9238073
9238074
9238075
9238076
9238077
9238078
9238079
9238080
9238081
9238082
9238061
9238062
9238063
9238064
9238065
9238066
9238067
9238068
9238069
9238070
9238071
9238056
9238057
9238058
9238059
9238060
9238050
9238051
9238052
9238053
9238054
9238055
9238039
9238040
9238041
9238042
9238043
9238044
9238045
9238046
9238047
9238048
9238049
9238033
9238034
9238035
9238036
9238037
9238038
9238023
9238024
9238025
9238026
9238027
9238028
9238029
9238030
9238031
9238032
9238016
9238017
9238018
9238019
9238020
9238021
9238022
9238005
9238006
9238007
9238008
9238009
9238010
9238011
9238012
9238013
9238014
9238015
9237996
9237997
9237998
9237999
9238000
9238001
9238002
9238003
9238004
9237994
9237995
9237983
9237984
9237985
9237986
9237987
9237988
9237989
9237990
9237991
9237992
9237993
9237976
9237977
9237978
9237979
9237980
9237981
9237982
9237971
9237972
9237973
9237974
9237975
9237961
9237962
9237963
9237964
9237965
9237966
9237967
9237968
9237969
9237970
9237954
9237955
9237956
9237957
9237958
9237959
9237960
9237949
9237950
9237951
9237952
9237953
9237939
9237940
9237941
9237942
9237943
9237944
9237945
9237946
9237947
9237948
9237936
9237937
9237938
9237927
9237928
9237929
9237930
9237931
9237932
9237933
9237934
9237935
9237924
9237925
9237926
9237919
9237920
9237921
9237922
9237923
9237916
9237917
9237918
9237907
9237908
9237909
9237910
