10230941
10230017
10229055
10228126
10226881
10213219
10211259
10210857
10210461
10208322
10206965
10205643
10205094
10205090
10205051
10204957
10200473
10198104
10196064
10194572
10192911
10192860
10188262
10187942
10187564
10187082
10186652
10186616
10174583
10174226
10173984
10173653
10173105
10172759
10149863
10146001
10145707
10142871
10140438
10140328
10124514
10124488
10124228
10124192
10122296
10122253
10122203
10119835
10119748
10119363
10119327
10113286
10113255
10113176
10113016
10112970
10112930
10112637
10112572
10112304
10110469
10110357
10110002
10109683
10109628
10109416
10091547
10091544
10091540
9284239
9284239
9284239
9284238
9284238
9284238
9284238
9284237
9284237
9284237
9284237
9284237
9284236
9284236
9284236
9284235
9284235
9284235
9284235
9284235
9284235
9284235
9284234
9284234
9284233
9284233
9284233
9284233
9284233
9284232
9284232
9284232
9284231
9284231
9284230
9284230
9284229
9284229
9284229
9284227
9284227
9284227
9284226
9284226
9284226
9284225
9284225
9284224
9284224
9284224
9284224
9284224
9284223
9284223
9284223
9284223
9284223
9284222
9284222
9284222
9284222
9284222
9284222
9284222
9284221
9284221
9284221
9284220
9284220
9284220
9284219
9284219
9284218
9284218
9284217
9284217
9284216
9284216
9284215
9284215
9284215
9284215
9284215
9284214
9284214
9284213
9284213
9284213
9284212
9284212
9284211
9284211
9284210
9284210
9284209
9284209
9284209
9284209
9284209
9284209
9284209
9284208
9284208
9284208
9284207
9284207
9284206
9284206
9284206
9284206
9284206
9284206
9284206
9284205
9284205
9284204
9284204
9284204
9284203
9284203
9284202
9284202
9284202
9284201
9284201
9284200
9284200
9284199
9284199
9284199
9284198
9284198
9284197
9284197
9284196
9284196
9284195
9284195
9284195
9284193
9284193
9284192
9284192
9284191
9284191
9284191
9284191
9284191
9284191
9284191
9284190
9284190
9284190
9284190
9284188
9284188
9284187
9284187
9284186
9284186
9284186
9284185
9284185
9284185
9284185
9284185
9284185
9284185
9284184
9284184
9284184
9284184
9284183
9284183
9284182
9284182
9284182
9284181
9284181
9284181
9284180
9284180
9284180
9284180
9284180
9284180
9284179
9284179
9284178
9284178
9284177
9284177
9284176
9284176
9284175
9284175
9284175
9284175
9284174
9284174
9284173
9284173
9284173
9284173
9284172
9284172
9284172
9284171
9284171
9284171
9284171
9284170
9284170
9284169
9284169
9284169
9284169
9284169
9284168
9284168
9284168
9284168
9284167
9284167
9284167
9284167
9284166
9284166
9284166
9284166
9284165
9284165
9284165
9284164
9284164
9284163
9284163
9284162
9284162
9284161
9284161
9284161
9284160
9284160
9284159
9284159
9284159
9284158
9284158
9284157
9284157
9284157
9284157
9284157
9284157
9284157
9284157
9284156
9284156
9284155
9284155
9284154
9284154
9284152
9284152
9284152
9284152
9284151
9284151
9284151
9284151
9284150
9284150
9284149
9284149
9284148
9284148
9284147
9284147
9284146
9284146
9284145
9284145
9284145
9284145
9284145
9284145
9284144
9284144
9284144
9284144
9284143
9284143
9284143
9284143
9284143
9284123
9284123
9284123
9284122
9284122
9284121
9284121
9284120
9284120
9284119
9284119
9284118
9284118
9284117
9284117
9284116
9284116
9284115
9284115
9284115
9284115
9284114
9284114
9284114
9284113
9284113
9284113
9284112
9284112
9284111
9284111
9284110
9284109
9284108
9284108
9284108
9284108
9284107
9284107
9284106
9284106
9284105
9284105
9284104
9284104
9284103
9284103
9284102
9284102
9284102
9284102
9284102
9284102
9284101
9284101
9284100
9284100
9284100
9284099
9284099
9284099
9284099
9284099
9284099
9284098
9284097
9284097
9284097
9284097
9284096
9284096
9284096
9284095
9284095
9284094
9284094
9284093
9284092
9284092
9284092
9284091
9284089
9284089
9284089
9284088
9284088
9284088
9284088
9284086
9284086
9284085
9284085
9284085
9284085
9284085
9284084
9284084
9284083
9284083
9284083
9284082
9284082
9284081
9284081
9284080
9284080
9284079
9284079
9284079
9284078
9284078
9284077
9284077
9284076
9284076
9284076
9284076
9284076
9284076
9284076
9284075
9284075
9284073
9284073
9284072
9284072
9284072
9284071
9284071
9284070
9284070
9284070
9284069
9284069
9284069
9284068
9284068
9284068
9284067
9284067
9284067
9284067
9284067
9284067
9284066
9284066
9284065
9284065
9284064
9284064
9284063
9284063
9284063
9284063
9284063
9284063
9284063
9284063
9284062
9284062
9284061
9284060
9284060
9284060
9284060
9284059
9284059
9284059
9284058
9284058
9284058
9284058
9284057
9284057
9284057
9284057
9284057
9284057
9284057
9284056
9284056
9284055
9284055
9284055
9284055
9284055
9284055
9284055
9284053
9284053
9284053
9284053
9284052
9284052
9284052
9284051
9284051
9284050
9284050
9284049
9284048
9284048
9284047
9284047
9284045
9284045
9284045
9284043
9284043
9284043
9284043
9284043
9284042
9284042
9284042
9284042
9284042
9284041
9284041
9284040
9284040
9284040
9284039
9284038
9284038
9284038
9284038
9284038
9284037
9284037
9284037
9284037
9284036
9284036
9284036
9284035
9284035
9284035
9284035
9284035
9284035
9284034
9284034
9284034
9284034
9284033
9284033
9284032
9284032
9284031
9284031
9284030
9284030
9284030
9284029
9284029
9284028
9284028
9284028
9284027
9284027
9284027
9284026
9284026
9284026
9284025
9284025
9284025
9284024
9284024
9284024
9284023
9284023
9284023
9284022
9284022
9284022
9284021
9284021
9284020
9284020
9284019
9284019
9284018
9284018
9284017
9284017
9284016
9284016
9284016
9284015
9284014
9284014
9284014
9284014
9284013
9284013
9284012
9284012
9284012
9284012
9284012
9284012
9284011
9284011
9284011
9284011
9284010
9284010
9284010
9284009
9284009
9284008
9284008
9284007
9284007
9284007
9284005
9284005
9284005
9284004
9284004
9284004
9284003
9284003
9284003
9284002
9284002
9284002
9284001
9284001
9284000
9284000
9283999
9283999
9283999
9283998
9283998
9283997
9283997
9283996
9283996
9283995
9283995
9283994
9283994
9283993
9283993
9283992
9283992
9283992
9283992
9283991
9283991
9283991
9283990
9283990
9283990
9283990
9283990
9283989
9283989
9283988
9283987
9283987
9283986
9283986
9283986
9283986
9283986
9283986
9283986
9283985
9283985
9283984
9283984
9283983
9283983
9283982
9283982
9283981
9283981
9283980
9283980
9283980
9283980
9283978
9283978
9283978
9283978
9283978
9283977
9283977
9283977
9283976
9283976
9283976
9283975
9283975
9241170
9241169
9241168
9241166
9241167
9241165
9241164
9241162
9241163
9241161
9241160
9241159
9241158
9241157
9241156
9241138
9241139
9241140
9241136
9241137
9241134
9241135
9241132
9241133
9241130
9241131
9241128
9241129
9241126
9241127
9241123
9241124
9241125
9241121
9241122
9241119
9241120
9241116
9241117
9241118
9241114
9241115
9241112
9241113
9241110
9241111
9241108
9241109
9241105
9241106
9241107
9241103
9241104
9241100
9241101
9241102
9241096
9241097
9241098
9241099
9241092
9241093
9241094
9241095
9241088
9241089
9241090
9241091
9241084
9241085
9241086
9241087
9241080
9241081
9241082
9241083
9241076
9241077
9241078
9241079
9241071
9241072
9241073
9241074
9241075
9241065
9241066
9241067
9241068
9241069
9241070
9241061
9241062
9241063
9241064
9241056
9241057
9241058
9241059
9241060
9241051
9241052
9241053
9241054
9241055
9241048
9241049
9241050
9241045
9241046
9241047
9241043
9241044
9241037
9241038
9241039
9241040
9241041
9241032
9241033
9241034
9241035
9241036
9241028
9241029
9241030
9241031
9241023
9241024
9241025
9241026
9241027
9241022
9241017
9241018
9241019
9241020
9241021
9241012
9241013
9241014
9241015
9241016
9241007
9241008
9241009
9241010
9241011
9241002
9241003
9241004
9241005
9241006
9240997
9240998
9240999
9241000
9241001
9240991
9240992
9240993
9240994
9240995
9240996
9240986
9240987
9240988
9240989
9240990
9240981
9240982
9240983
9240984
9240985
9240976
9240977
9240978
9240979
9240980
9240971
9240972
9240973
9240974
9240975
9240966
9240967
9240968
9240969
9240970
9240961
9240962
9240963
9240964
9240965
9240956
9240957
9240958
9240959
9240960
9240951
9240952
9240953
9240954
9240955
9240946
9240947
9240949
9240950
9240942
9240943
9240944
9240945
9240940
9240941
9240935
9240936
9240937
9240938
9240939
9240930
9240931
9240932
9240933
9240934
9240925
9240926
9240927
9240928
9240929
9240923
9240924
9240917
9240918
9240919
9240920
9240921
9240922
9240913
9240914
9240915
9240916
9240908
9240909
9240910
9240911
9240912
9240903
9240904
9240905
9240906
9240907
9240898
9240899
9240900
9240901
9240902
9240893
9240894
9240895
9240896
9240897
9240888
9240889
9240890
9240891
9240892
9240883
9240884
9240885
9240886
9240887
9240877
9240878
9240879
9240880
9240881
9240882
9240873
9240874
9240875
9240876
9240868
9240869
9240870
9240871
9240872
9240863
9240864
9240865
9240866
9240867
9240858
9240859
9240860
9240861
9240862
9240853
9240854
9240855
9240856
9240857
9240850
9240851
9240852
9240846
9240847
9240848
9240849
9240840
9240841
9240842
9240843
9240844
9240835
9240836
9240837
9240838
9240839
9240830
9240831
9240832
9240833
9240834
9240825
9240826
9240827
9240828
9240829
9240820
9240821
9240822
9240823
9240824
9240815
9240816
9240817
9240818
9240819
9240810
9240811
9240812
9240813
9240814
9240805
9240806
9240807
9240808
9240809
9240800
9240801
9240802
9240803
9240804
9240795
9240796
9240797
9240798
9240799
9240790
9240791
9240792
9240793
9240794
9240785
9240786
9240787
9240788
9240789
9240783
9240784
9240778
9240779
9240780
9240781
9240782
9240773
9240774
9240775
9240776
9240777
9240768
9240769
9240770
9240771
9240772
9240765
9240766
9240767
9240760
9240761
9240762
9240763
9240764
9240757
9240758
9240759
9240753
9240754
9240755
9240756
9240748
9240749
9240750
9240751
9240752
9240743
9240744
9240745
9240746
9240747
9240740
9240741
9240742
9240738
9240739
9240733
9240734
9240735
9240736
9240737
9240727
9240728
9240729
9240730
9240731
9240722
9240723
9240724
9240725
9240726
9240720
9240721
9240719
9240714
9240715
9240717
9240718
9240710
9240711
9240712
9240713
9240706
9240707
9240708
9240709
9240701
9240702
9240703
9240704
9240705
9240696
9240697
9240698
9240699
9240700
9240691
9240692
9240693
9240694
9240695
9240689
9240690
9240684
9240685
9240686
9240687
9240688
9240680
9240681
9240682
9240683
9240676
9240677
9240678
9240679
9240671
9240672
9240673
9240674
9240675
9240669
9240670
9240664
9240665
9240666
9240667
9240668
9240659
9240660
9240661
9240662
9240663
9240658
9240654
9240655
9240656
9240657
9240649
9240650
9240651
9240652
9240653
9240647
9240648
9240644
9240645
9240646
9240639
9240640
9240641
9240642
9240643
9240636
9240637
9240638
9240633
9240634
9240635
9240629
9240630
9240631
9240632
9240626
9240627
9240628
9240623
9240624
9240625
9240618
9240619
9240620
9240621
9240622
9240614
9240615
9240616
9240617
9240609
9240610
9240611
9240612
9240613
9240606
9240607
9240608
9240603
9240604
9240605
9240598
9240599
9240600
9240601
9240602
9240593
9240594
9240595
9240596
9240597
9240589
9240590
9240591
9240592
9240587
9240588
9240582
9240583
9240584
9240585
9240586
9240578
9240579
9240580
9240581
9240573
9240574
9240575
9240576
9240577
9240570
9240571
9240572
9240566
9240567
9240568
9240569
9240562
9240563
9240564
9240565
9240557
9240558
9240559
9240560
9240561
9240553
9240554
9240555
9240556
9240548
9240549
9240550
9240551
9240552
9240545
9240546
9240547
9240540
9240541
9240542
9240543
9240544
9240536
9240537
9240538
9240539
9240534
9240535
9240530
9240531
9240532
9240533
9240525
9240526
9240527
9240528
9240529
9240520
9240521
9240522
9240523
9240524
9240517
9240518
9240519
9240512
9240513
9240514
9240515
9240516
9240510
9240511
9240505
9240506
9240507
9240508
9240509
9240502
9240503
9240504
9240498
9240499
9240500
9240501
9240494
9240495
9240496
9240497
9240489
9240490
9240491
9240492
9240493
9240484
9240485
9240486
9240487
9240488
9240480
9240481
9240482
9240483
9240477
9240478
9240479
9240473
9240474
9240475
9240476
9240468
9240469
9240470
9240471
9240472
9240463
9240464
9240465
9240466
9240467
9240459
9240460
9240461
9240462
9240455
9240456
9240457
9240458
9240451
9240452
9240453
9240454
9240448
9240449
9240450
9240443
9240444
9240445
9240446
9240447
9240439
9240440
9240441
9240442
9240433
9240434
9240435
9240436
9240437
9240438
9240428
9240429
9240430
9240431
9240432
9240423
9240424
9240425
9240426
9240427
9240419
9240420
9240421
9240422
9240414
9240415
9240416
9240417
9240418
9240409
9240410
9240411
9240412
9240413
9240403
9240404
9240405
9240406
9240407
9240408
9240399
9240400
9240401
9240402
9240396
9240397
9240398
9240395
9240391
9240392
9240393
9240394
9240386
9240387
9240388
9240389
9240390
9240383
9240384
9240385
9240379
9240380
9240381
9240382
9240374
9240375
9240376
9240377
9240378
9240370
9240371
9240372
9240373
9240366
9240367
9240368
9240369
9240362
9240363
9240364
9240365
9240358
9240359
9240360
9240361
9240353
9240354
9240355
9240356
9240357
9240348
9240349
9240350
9240351
9240352
9240343
9240344
9240345
9240346
9240347
9240339
9240340
9240341
9240342
9240334
9240335
9240336
9240337
9240338
9240331
9240332
9240333
9240327
9240328
9240329
9240330
9240322
9240323
9240324
9240325
9240326
9240319
9240320
9240321
9240314
9240315
9240316
9240317
9240318
9240308
9240309
9240310
9240311
9240312
9240313
9240305
9240306
9240307
9240299
9240300
9240301
9240302
9240303
9240304
9240292
9240293
9240294
9240295
9240296
9240297
9240298
9240289
9240290
9240291
9240282
9240283
9240284
9240285
9240286
9240287
9240288
9240277
9240278
9240279
9240280
9240281
9240271
9240272
9240273
9240274
9240275
9240276
9240265
9240266
9240267
9240268
9240269
9240270
9240258
9240259
9240260
9240261
9240262
9240263
9240264
9240254
9240255
9240256
9240257
9240248
9240249
9240250
9240251
9240252
9240253
9240242
9240243
9240244
9240245
9240246
9240247
9240237
9240238
9240239
9240240
9240241
9240231
9240232
9240233
9240234
9240235
9240236
9240223
9240224
9240225
9240226
9240227
9240228
9240229
9240230
9240220
9240221
9240222
9240214
9240215
9240216
9240217
9240218
9240219
9240207
9240208
9240209
9240210
9240211
9240212
9240213
9240203
9240204
9240205
9240206
9240195
9240196
9240197
9240198
9240199
9240200
9240201
9240202
9240187
9240188
9240189
9240190
9240191
9240192
9240193
9240194
9240179
9240180
9240181
9240182
9240183
9240184
9240185
9240186
9240173
9240174
9240175
9240176
9240177
9240178
9240166
9240167
9240168
9240169
9240170
9240171
9240172
9240157
9240158
9240159
9240160
9240161
9240162
9240163
9240164
9240165
9240148
9240149
9240150
9240151
9240152
9240153
9240154
9240155
9240156
9240142
9240143
9240144
9240145
9240146
9240147
9240137
9240138
9240139
9240140
9240141
9240129
9240130
9240131
9240132
9240133
9240134
9240135
9240136
9240122
9240123
9240124
9240125
9240126
9240127
9240128
9240114
9240115
9240116
9240117
9240118
9240119
9240120
9240121
9240109
9240110
9240111
9240112
9240113
9240102
9240103
9240104
9240105
9240106
9240107
9240108
9240094
9240095
9240096
9240097
9240098
9240099
9240100
9240101
9240087
9240088
9240089
9240090
9240091
9240092
9240093
9240081
9240082
9240083
9240084
9240085
9240086
9240073
9240074
9240075
9240076
9240077
9240078
9240079
9240080
9240072
9240067
9240068
9240069
9240070
9240071
9240059
9240060
9240061
9240062
9240063
9240064
9240065
9240066
9240054
9240055
9240056
9240057
9240058
9240045
9240046
9240047
9240048
9240049
9240050
9240051
9240052
9240053
9240040
9240041
9240042
9240043
9240044
9240032
9240033
9240034
9240035
9240036
9240037
9240038
9240039
9240027
9240028
9240029
9240030
9240031
9240018
9240019
9240020
9240021
9240022
9240023
9240024
9240025
9240026
9240013
9240014
9240015
9240016
9240017
9240008
9240009
9240010
9240011
9240012
9239999
9240000
9240001
9240002
9240003
9240004
9240005
9240006
9240007
9239993
9239994
9239995
9239996
9239997
9239998
9239986
9239987
9239988
9239989
9239990
9239991
9239992
9239980
9239981
9239982
9239983
9239984
9239985
9239972
9239973
9239974
9239975
9239976
9239977
9239978
9239979
9239968
9239969
9239970
9239971
9239962
9239963
9239964
9239965
9239966
9239967
9239954
9239955
9239956
9239957
9239958
9239959
9239960
9239961
9239946
9239947
9239948
9239949
9239950
9239951
9239952
9239953
9239939
9239940
9239941
9239942
9239943
9239944
9239945
9239934
9239935
9239936
9239937
9239938
9239926
9239927
9239928
9239929
9239930
9239931
9239932
9239933
9239918
9239919
9239920
9239921
9239922
9239923
9239924
9239925
9239911
9239912
9239913
