9237911
9237912
9237913
9237914
9237915
9237901
9237902
9237903
9237904
9237905
9237906
9237893
9237894
9237895
9237896
9237897
9237898
9237899
9237900
9237884
9237885
9237886
9237887
9237888
9237889
9237890
9237891
9237892
9237878
9237879
9237880
9237881
9237882
9237883
9237870
9237871
9237872
9237873
9237874
9237875
9237876
9237877
9237862
9237863
9237864
9237865
9237866
9237867
9237868
9237869
9237858
9237859
9237860
9237861
9237848
9237849
9237850
9237851
9237852
9237853
9237854
9237855
9237856
9237857
9237844
9237845
9237846
9237847
9237836
9237837
9237838
9237839
9237840
9237841
9237842
9237843
9237829
9237830
9237831
9237832
9237833
9237834
9237835
9237821
9237822
9237823
9237824
9237825
9237826
9237827
9237828
9237812
9237813
9237814
9237815
9237816
9237817
9237818
9237819
9237820
9237810
9237811
9237803
9237804
9237805
9237806
9237807
9237808
9237809
9237796
9237797
9237798
9237799
9237800
9237801
9237802
9237788
9237789
9237790
9237791
9237792
9237793
9237794
9237795
9237779
9237780
9237781
9237782
9237783
9237784
9237785
9237786
9237787
9237771
9237772
9237773
9237774
9237775
9237776
9237777
9237778
9237762
9237763
9237764
9237765
9237766
9237767
9237768
9237769
9237770
9237754
9237755
9237756
9237757
9237758
9237759
9237760
9237761
9237748
9237749
9237750
9237751
9237752
9237753
9237738
9237739
9237740
9237741
9237742
9237743
9237744
9237745
9237746
9237747
9237729
9237730
9237731
9237732
9237733
9237734
9237735
9237736
9237737
9237720
9237721
9237722
9237723
9237724
9237725
9237726
9237727
9237728
9237715
9237716
9237717
9237718
9237719
9237704
9237705
9237706
9237707
9237708
9237709
9237710
9237711
9237712
9237713
9237714
9237693
9237694
9237695
9237696
9237697
9237698
9237699
9237700
9237701
9237702
9237703
9237688
9237689
9237690
9237691
9237692
9237680
9237681
9237682
9237683
9237684
9237685
9237686
9237687
9237671
9237672
9237673
9237674
9237675
9237676
9237677
9237678
9237679
9237666
9237667
9237668
9237669
9237670
9237658
9237659
9237660
9237661
9237662
9237663
9237664
9237665
9237650
9237651
9237652
9237653
9237654
9237655
9237656
9237657
9237644
9237645
9237646
9237647
9237648
9237649
9237636
9237637
9237638
9237639
9237640
9237641
9237642
9237643
9237627
9237628
9237629
9237630
9237631
9237632
9237633
9237634
9237635
9237621
9237622
9237623
9237624
9237625
9237626
9237611
9237612
9237613
9237614
9237615
9237616
9237617
9237618
9237619
9237620
9237603
9237604
9237605
9237606
9237607
9237608
9237609
9237610
9237597
9237598
9237599
9237600
9237601
9237602
9237586
9237587
9237588
9237589
9237590
9237591
9237592
9237593
9237594
9237595
9237596
9237575
9237576
9237577
9237578
9237579
9237580
9237581
9237582
9237583
9237584
9237585
9237567
9237568
9237569
9237570
9237571
9237572
9237573
9237574
9237557
9237558
9237559
9237560
9237561
9237562
9237563
9237564
9237565
9237566
9237548
9237549
9237550
9237551
9237552
9237553
9237554
9237555
9237556
9237538
9237539
9237540
9237541
9237542
9237543
9237544
9237545
9237546
9237547
9237528
9237529
9237530
9237531
9237532
9237533
9237534
9237535
9237536
9237537
9237517
9237518
9237519
9237520
9237521
9237522
9237523
9237524
9237525
9237526
9237527
9237506
9237507
9237508
9237509
9237510
9237511
9237512
9237513
9237514
9237515
9237516
9237495
9237496
9237497
9237498
9237499
9237500
9237501
9237502
9237503
9237504
9237505
9237487
9237488
9237489
9237490
9237491
9237492
9237493
9237494
9237484
9237485
9237486
9237473
9237474
9237475
9237476
9237477
9237478
9237479
9237480
9237481
9237482
9237483
9237462
9237463
9237464
9237465
9237466
9237467
9237468
9237469
9237470
9237471
9237472
9237450
9237451
9237452
9237453
9237454
9237455
9237456
9237457
9237458
9237459
9237460
9237461
9237439
9237440
9237441
9237442
9237443
9237444
9237445
9237446
9237447
9237448
9237449
9237427
9237428
9237429
9237430
9237431
9237432
9237433
9237434
9237435
9237436
9237437
9237438
9237420
9237421
9237422
9237423
9237424
9237425
9237426
9237410
9237411
9237412
9237413
9237414
9237415
9237416
9237417
9237418
9237419
9237400
9237401
9237402
9237403
9237404
9237405
9237406
9237407
9237408
9237409
9237390
9237391
9237392
9237393
9237394
9237395
9237396
9237397
9237398
9237399
9237379
9237380
9237381
9237382
9237383
9237384
9237385
9237386
9237387
9237388
9237389
9237368
9237369
9237370
9237371
9237372
9237373
9237374
9237375
9237376
9237377
9237378
9237357
9237358
9237359
9237360
9237361
9237362
9237363
9237364
9237365
9237366
9237367
9237346
9237347
9237348
9237349
9237350
9237351
9237352
9237353
9237354
9237355
9237356
9237334
9237335
9237336
9237337
9237338
9237339
9237340
9237341
9237342
9237343
9237344
9237345
9237323
9237324
9237325
9237326
9237327
9237328
9237329
9237330
9237331
9237332
9237333
9237316
9237317
9237318
9237319
9237320
9237321
9237322
9237309
9237310
9237311
9237312
9237313
9237314
9237315
9237299
9237300
9237301
9237302
9237303
9237304
9237305
9237306
9237307
9237308
9237287
9237288
9237289
9237290
9237291
9237292
9237293
9237294
9237295
9237296
9237297
9237298
9237276
9237277
9237278
9237279
9237280
9237281
9237282
9237283
9237284
9237285
9237286
9237266
9237267
9237268
9237269
9237270
9237271
9237272
9237273
9237274
9237275
9237255
9237256
9237257
9237258
9237259
9237260
9237261
9237262
9237263
9237264
9237265
9237243
9237244
9237245
9237246
9237247
9237248
9237249
9237250
9237251
9237252
9237253
9237254
9237232
9237233
9237234
9237235
9237236
9237237
9237238
9237239
9237240
9237241
9237242
9237221
9237222
9237223
9237224
9237225
9237226
9237227
9237228
9237229
9237230
9237231
9237213
9237214
9237215
9237216
9237217
9237218
9237219
9237220
9237203
9237204
9237205
9237206
9237207
9237208
9237209
9237210
9237211
9237212
9237194
9237195
9237196
9237197
9237198
9237199
9237200
9237201
9237202
9237184
9237185
9237186
9237187
9237188
9237189
9237190
9237191
9237192
9237193
9237176
9237177
9237178
9237179
9237180
9237181
9237182
9237183
9237167
9237168
9237169
9237170
9237171
9237172
9237173
9237174
9237175
9237164
9237165
9237166
9237156
9237157
9237158
9237159
9237160
9237161
9237162
9237163
9237147
9237148
9237149
9237150
9237151
9237152
9237153
9237154
9237155
9237137
9237138
9237139
9237140
9237141
9237142
9237143
9237144
9237145
9237146
9237126
9237127
9237128
9237129
9237130
9237131
9237132
9237133
9237134
9237135
9237136
9237117
9237118
9237119
9237120
9237121
9237122
9237123
9237124
9237125
9237109
9237110
9237111
9237112
9237113
9237114
9237115
9237116
9237099
9237100
9237101
9237102
9237103
9237104
9237105
9237106
9237107
9237108
9237088
9237089
9237090
9237091
9237092
9237093
9237094
9237095
9237096
9237097
9237098
9237081
9237082
9237083
9237084
9237085
9237086
9237087
9237072
9237073
9237074
9237075
9237076
9237077
9237078
9237079
9237080
9237062
9237063
9237064
9237065
9237066
9237067
9237068
9237069
9237070
9237071
9237053
9237054
9237055
9237056
9237057
9237058
9237059
9237060
9237061
9237045
9237046
9237047
9237048
9237049
9237050
9237051
9237052
9237034
9237035
9237036
9237037
9237038
9237039
9237040
9237041
9237042
9237043
9237044
9237024
9237025
9237026
9237027
9237028
9237029
9237030
9237031
9237032
9237033
9237015
9237016
9237017
9237018
9237019
9237020
9237021
9237022
9237023
9237007
9237008
9237009
9237010
9237011
9237012
9237013
9237014
9237001
9237002
9237003
9237004
9237005
9237006
9236994
9236995
9236996
9236997
9236998
9236999
9237000
9236986
9236987
9236988
9236989
9236990
9236991
9236992
9236993
9236978
9236979
9236980
9236981
9236982
9236983
9236984
9236985
9236971
9236972
9236973
9236974
9236975
9236976
9236977
9236964
9236965
9236966
9236967
9236968
9236969
9236970
9236957
9236958
9236959
9236960
9236961
9236962
9236963
9236949
9236950
9236951
9236952
9236953
9236954
9236955
9236956
9236942
9236943
9236944
9236945
9236946
9236947
9236948
9236935
9236936
9236937
9236938
9236939
9236940
9236941
9236928
9236929
9236930
9236931
9236932
9236933
9236934
9236922
9236923
9236924
9236925
9236926
9236927
9236916
9236917
9236918
9236919
9236920
9236921
9236909
9236910
9236911
9236912
9236913
9236914
9236915
9236903
9236904
9236905
9236906
9236907
9236908
9236896
9236897
9236898
9236899
9236900
9236901
9236902
9236890
9236891
9236892
9236893
9236894
9236895
9236884
9236885
9236886
9236887
9236888
9236889
9236877
9236878
9236879
9236880
9236881
9236882
9236883
9236871
9236872
9236873
9236874
9236875
9236876
9236866
9236867
9236868
9236869
9236870
9236860
9236861
9236862
9236863
9236864
9236865
9236855
9236856
9236857
9236858
9236859
9236850
9236851
9236852
9236853
9236854
9236845
9236846
9236847
9236848
9236849
9236842
9236843
9236844
9236840
9236835
9236836
9236837
9236838
9236839
9236830
9236831
9236832
9236833
9236834
9236825
9236826
9236827
9236828
9236829
9236820
9236821
9236822
9236823
9236824
9236813
9236814
9236815
9236816
9236817
9236818
9236819
9236808
9236809
9236810
9236811
9236812
9236804
9236805
9236806
9236807
9236800
9236801
9236802
9236803
9236797
9236798
9236799
9236794
9236795
9236796
9236791
9236792
9236793
9236787
9236788
9236789
9236790
9236784
9236785
9236786
9236782
9236783
9236780
9236781
9236777
9236778
9236779
9236775
9236776
9236773
9236774
9236772
9236769
9236771
9236768
9236767
9236766
9236765
9236764
9236763
9236762
9236761
9236760
9236759
9236758
9236757
9236756
9236755
9236754
9236753
9236752
9236751
9236750
9236749
9236712
9236704
9236708
9236696
9236700
9236692
9236693
9236682
9236683
9236687
9236688
9236673
9236677
9236678
9236663
9236665
9236668
9236671
9236658
9236661
9236648
9236649
9236653
9236654
9236638
9236641
9236643
9236645
9236628
9236631
9236633
9236636
9236618
9236621
9236623
9236626
9236611
9236612
9236616
9236601
9236602
9236606
9236607
9236591
9236592
9236596
9236597
9236581
9236583
9236586
9236588
9236572
9236573
9236577
9236578
9236562
9236564
9236567
9236568
9236554
9236557
9236559
9236544
9236546
9236549
9236551
9236534
9236536
9236539
9236541
9236524
9236526
9236529
9236531
9236520
9236521
9236515
9236516
9236510
9236511
9236500
9236501
9236505
9236506
9236489
9236491
9236495
9236496
9236479
9236482
9236484
9236487
9236472
9236474
9236477
9236462
9236464
9236467
9236469
9236453
9236454
9236457
9236459
9236444
9236448
9236449
9236434
9236438
9236439
9236443
9236428
9236429
9236433
9236418
9236419
9236423
9236424
9236407
9236410
9236413
9236415
9236398
9236399
9236403
9236404
9236389
9236393
9236394
9236381
9236383
9236385
9236388
9236370
9236373
9236376
9236378
9236360
9236363
9236365
9236368
9236350
9236353
9236355
9236358
9236342
9236345
9236348
9236336
9236337
9236340
9236326
9236327
9236331
9236332
9236315
9236317
9236320
9236322
9236304
9236307
9236311
9236312
9236294
9236297
9236299
9236302
9236285
9236287
9236289
9236292
9236277
9236279
9236282
9236267
9236269
9236272
9236274
9236258
9236259
9236263
9236264
9236248
9236249
9236253
9236254
9236237
9236239
9236243
9236244
9236227
9236229
9236232
9236234
9236219
9236222
9236224
9236209
9236211
9236214
9236217
9236200
9236201
9236204
9236206
9236195
9236196
9236190
9236191
9236180
9236181
9236185
9236186
9236170
9236171
9236175
9236176
9236162
9236164
9236166
9236152
9236154
9236157
9236159
9236143
9236144
9236147
9236149
9236134
9236138
9236139
9236128
9236129
9236133
9236117
9236119
9236122
9236124
9236109
9236112
9236114
9236100
9236102
9236105
9236107
9236090
9236092
9236095
9236097
9236081
9236082
9236085
9236087
9236071
9236072
9236076
9236077
9236060
9236061
9236065
9236067
9236051
9236054
9236056
9236044
9236046
9236049
9236034
9236035
9236039
9236040
9236024
9236025
9236029
9236030
9236014
9236015
9236019
9236020
9236004
9236005
9236009
9236010
9235996
9235998
9236001
9235986
9235987
9235991
9235992
9235976
9235977
9235981
9235982
9235966
9235967
9235971
9235972
9235956
9235957
9235961
9235962
9235946
9235947
9235951
9235952
9235937
9235940
9235942
9235930
9235932
9235935
9235919
9235921
9235924
9235926
9235909
9235910
9235914
9235916
9235900
9235904
9235905
9235890
9235894
9235895
9235899
9235883
9235885
9235888
9235875
9235877
9235880
9235870
9235864
9235865
9235869
9235854
9235855
9235859
9235860
9235843
9235846
9235848
9235851
9235834
9235837
9235840
9235827
9235828
9235832
9235818
9235819
9235822
9235823
9235810
9235811
9235814
9235815
9235802
9235803
9235806
9235807
9235794
9235795
9235798
9235799
9235790
9235791
9235781
9235782
9235785
9235787
9235775
9235776
9235778
9235779
9235769
9235770
9235772
9235773
9235764
9235765
9235766
9235767
9235761
9235762
9235763
9235758
9235759
9235760
9235754
9235755
9235756
9235757
9235751
9235752
9235753
9235749
9235750
9235748
9235020
9235019
9235018
9235017
9235016
9235015
9235014
9235013
9235012
9235011
9235010
9235009
9235008
9235007
9235006
9235005
9235004
9235003
9235002
9235001
9235000
9234999
9234998
9234997
9234996
9234995
9234994
9234993
9234991
9234992
9234990
9234989
9234988
9234987
9234986
9234985
9234984
9234983
9234982
9234981
9234980
9234979
9234978
9234976
9234977
9234975
9234974
9234973
9234971
9234972
9234970
9234969
9234968
9234967
9234966
9234965
9234964
9234963
9234962
9234961
9234960
9234959
9234957
9234958
9234956
9234955
9234954
9234953
9234952
9234950
9234951
9234949
9234948
9234947
9234946
9234945
9234944
9234943
9234942
9234941
9234940
9234939
9234938
9234937
9234936
9234935
9234934
9234933
9234932
9234931
9234930
9234929
9234928
9234927
9234926
9234925
9234924
9234923
9234922
9234921
9234920
9234919
9234918
9234917
9234916
9234915
9234914
9234913
9234912
9234911
9234910
9234909
9234908
9234907
9234906
9234905
9234904
9234903
9234902
9234901
9234900
9234899
9234898
9234897
9234892
9234891
9234890
9234889
9234888
9234887
9234886
9234885
9234884
9234883
9234882
9234881
9234880
9234879
9234878
9234877
9234876
9234875
9234874
9234873
9234872
9234871
9234870
9234868
9234869
9234867
9234866
9234865
9234864
9234863
9234862
9234860
9234861
9234859
9234858
9234857
9234856
9234855
9234854
9234853
9234852
9234851
9234850
9234849
9234848
9234847
9234845
9234846
9234844
9234843
9234842
9234841
9234840
9234839
9234838
9234836
9234837
9234835
9234834
9234833
9234832
9234831
9234830
9234829
9234827
9234828
9234826
9234825
9234824
9234823
9234822
9234821
9234820
9234819
9234818
9234817
9234816
9234814
9234815
9234813
9234812
9234811
9234810
9234809
9234808
9234807
9234806
9234805
9234804
9234802
9234803
9234801
9234800
9234799
9234798
9234796
9234797
9234795
9234794
9234793
9234791
9234792
9234790
9234789
9234788
9234786
9234787
9234785
9234784
9234783
9234782
9234781
9234780
9234779
9234777
9234778
9234776
9234775
9234774
9234773
9234772
9234771
9234770
9234769
9234768
9234767
9234766
9234765
9234764
9234762
9234763
9234761
9234760
9234759
9234758
9234756
9234757
9234755
9234754
9234753
9234752
9234751
9234750
9234749
9234748
9234747
9234746
9234745
9234744
9234743
9234742
9234740
9234741
9234739
9234738
9234737
9234736
9234735
9234734
9234733
9234732
9234731
9234730
9234729
9234728
9234727
9234726
9234725
9234724
9234723
9234722
9234721
9234720
9234719
9234718
9234717
9234716
9234715
9234714
9234713
9234711
9234712
9234710
9234709
9234708
9234707
9234706
9234705
9234703
9234704
9234702
9234701
9234700
9234699
9234697
9234698
9234692
9234691
9234690
9234689
9234688
9234687
9234686
9234685
9234684
9234683
9234682
9234681
9234680
9234679
9234678
9234677
9234676
9234675
9234674
9234673
9234672
9234671
9234670
9234669
9234667
9234668
9234666
9234665
9234664
9234663
9234662
9234661
9234660
9234659
9234658
9234657
9234656
9234655
9234654
9234653
9234652
9234651
9234650
9234649
9234648
9234647
9234646
9234645
9234644
9234643
9234642
9234641
9234640
9234639
9234638
9234637
9234636
9234635
9234634
9234633
9234632
9234631
9234630
9234629
9234628
9234627
9234626
9234625
9234624
9234623
9234622
9234621
9234606
9234604
9234605
9234603
9234602
9234601
9234599
9234600
9234598
9234597
9234596
9234595
9234594
9234593
9234591
9234592
9234590
9234589
9234588
9234587
9234586
9234585
9234584
9234582
9234581
9234580
9234579
9234578
9234576
9234577
9234575
9234574
9234573
9234572
9234571
9234569
9234570
9234568
9234567
9234566
9234565
9234564
9234563
9234562
9234560
9234561
9234558
