9239914
9239915
9239916
9239917
9239904
9239905
9239906
9239907
9239908
9239909
9239910
9239899
9239900
9239901
9239902
9239903
9239893
9239894
9239895
9239896
9239897
9239898
9239886
9239887
9239888
9239889
9239890
9239891
9239892
9239883
9239884
9239885
9239876
9239877
9239878
9239879
9239881
9239882
9239869
9239870
9239871
9239872
9239873
9239874
9239875
9239862
9239863
9239864
9239865
9239866
9239867
9239868
9239857
9239858
9239859
9239860
9239861
9239851
9239852
9239853
9239854
9239855
9239856
9239845
9239846
9239847
9239848
9239849
9239850
9239841
9239842
9239843
9239844
9239835
9239836
9239837
9239838
9239839
9239840
9239829
9239830
9239831
9239832
9239833
9239834
9239823
9239824
9239825
9239826
9239827
9239828
9239818
9239819
9239820
9239821
9239822
9239813
9239814
9239815
9239816
9239817
9239807
9239808
9239809
9239810
9239811
9239812
9239803
9239804
9239805
9239806
9239797
9239798
9239799
9239800
9239801
9239802
9239791
9239792
9239793
9239794
9239795
9239796
9239785
9239786
9239787
9239788
9239789
9239790
9239779
9239780
9239781
9239782
9239783
9239784
9239772
9239773
9239774
9239775
9239776
9239777
9239778
9239767
9239768
9239769
9239770
9239771
9239761
9239762
9239763
9239764
9239765
9239766
9239754
9239755
9239756
9239757
9239758
9239759
9239760
9239750
9239751
9239752
9239753
9239748
9239749
9239741
9239742
9239743
9239744
9239745
9239746
9239747
9239736
9239737
9239738
9239739
9239740
9239731
9239732
9239733
9239734
9239735
9239725
9239726
9239727
9239728
9239729
9239730
9239719
9239720
9239721
9239722
9239723
9239724
9239713
9239714
9239715
9239716
9239717
9239718
9239709
9239710
9239711
9239712
9239703
9239704
9239705
9239706
9239707
9239708
9239696
9239697
9239698
9239699
9239700
9239701
9239702
9239690
9239691
9239692
9239693
9239694
9239695
9239684
9239685
9239686
9239687
9239688
9239689
9239680
9239681
9239682
9239683
9239674
9239675
9239676
9239677
9239678
9239679
9239668
9239669
9239670
9239671
9239672
9239673
9239662
9239663
9239664
9239665
9239666
9239667
9239656
9239657
9239658
9239659
9239660
9239661
9239650
9239651
9239652
9239653
9239654
9239655
9239644
9239645
9239646
9239647
9239648
9239649
9239639
9239640
9239641
9239642
9239643
9239634
9239635
9239636
9239637
9239638
9239629
9239630
9239631
9239632
9239633
9239622
9239623
9239624
9239625
9239626
9239627
9239628
9239618
9239619
9239620
9239621
9239612
9239613
9239614
9239615
9239616
9239617
9239606
9239607
9239608
9239609
9239610
9239611
9239600
9239601
9239602
9239603
9239604
9239605
9239594
9239595
9239596
9239597
9239598
9239599
9239588
9239589
9239590
9239591
9239592
9239593
9239582
9239583
9239584
9239585
9239586
9239587
9239575
9239576
9239577
9239578
9239579
9239580
9239581
9239569
9239570
9239571
9239572
9239573
9239574
9239563
9239564
9239565
9239566
9239567
9239568
9239557
9239558
9239559
9239560
9239561
9239562
9239551
9239552
9239553
9239554
9239555
9239556
9239547
9239548
9239549
9239550
9239541
9239542
9239543
9239544
9239545
9239546
9239535
9239536
9239537
9239538
9239539
9239540
9239529
9239530
9239531
9239532
9239533
9239534
9239523
9239524
9239525
9239526
9239527
9239528
9239517
9239518
9239519
9239520
9239521
9239522
9239511
9239512
9239513
9239514
9239515
9239516
9239505
9239506
9239507
9239508
9239509
9239510
9239499
9239500
9239501
9239502
9239503
9239504
9239493
9239494
9239495
9239496
9239497
9239498
9239487
9239488
9239489
9239490
9239491
9239492
9239485
9239486
9239479
9239480
9239481
9239482
9239483
9239484
9239473
9239474
9239475
9239476
9239477
9239478
9239467
9239468
9239469
9239470
9239471
9239472
9239462
9239463
9239464
9239465
9239466
9239457
9239458
9239459
9239460
9239461
9239453
9239454
9239455
9239456
9239449
9239450
9239451
9239452
9239443
9239444
9239445
9239446
9239447
9239448
9239437
9239438
9239439
9239440
9239441
9239442
9239431
9239432
9239433
9239434
9239435
9239436
9239427
9239428
9239429
9239430
9239425
9239426
9239419
9239420
9239421
9239422
9239423
9239424
9239413
9239414
9239415
9239416
9239417
9239418
9239407
9239408
9239409
9239410
9239411
9239412
9239401
9239402
9239403
9239404
9239405
9239406
9239395
9239396
9239397
9239398
9239399
9239400
9239391
9239392
9239393
9239394
9239385
9239386
9239387
9239388
9239389
9239390
9239379
9239380
9239381
9239382
9239383
9239384
9239373
9239374
9239375
9239376
9239377
9239378
9239367
9239368
9239369
9239370
9239371
9239372
9239361
9239362
9239363
9239364
9239365
9239366
9239355
9239356
9239357
9239358
9239359
9239360
9239349
9239350
9239351
9239352
9239353
9239354
9239343
9239344
9239345
9239346
9239347
9239348
9239337
9239338
9239339
9239340
9239341
9239342
9239331
9239332
9239333
9239334
9239335
9239336
9239325
9239326
9239327
9239328
9239329
9239330
9239319
9239320
9239321
9239322
9239323
9239324
9239312
9239313
9239314
9239315
9239316
9239317
9239318
9239304
9239305
9239306
9239307
9239308
9239309
9239310
9239311
9239296
9239297
9239298
9239299
9239300
9239301
9239302
9239303
9239290
9239291
9239292
9239293
9239294
9239295
9239286
9239287
9239288
9239289
9239279
9239280
9239281
9239282
9239283
9239284
9239285
9239269
9239270
9239271
9239272
9239273
9239274
9239275
9239276
9239277
9239266
9239267
9239268
9239258
9239259
9239260
9239261
9239262
9239263
9239264
9239265
9239248
9239249
9239250
9239251
9239252
9239253
9239254
9239255
9239256
9239257
9239239
9239240
9239241
9239242
9239243
9239244
9239245
9239246
9239247
9239231
9239232
9239233
9239234
9239235
9239236
9239237
9239238
9239223
9239224
9239225
9239226
9239227
9239228
9239229
9239230
9239213
9239214
9239215
9239216
9239217
9239218
9239219
9239220
9239221
9239222
9239203
9239204
9239205
9239206
9239207
9239208
9239209
9239210
9239211
9239212
9239193
9239194
9239195
9239196
9239197
9239198
9239199
9239200
9239201
9239202
9239184
9239185
9239186
9239187
9239188
9239189
9239190
9239191
9239192
9239175
9239176
9239177
9239178
9239179
9239180
9239181
9239182
9239183
9239168
9239169
9239170
9239171
9239172
9239173
9239174
9239160
9239161
9239162
9239163
9239164
9239165
9239166
9239167
9239151
9239152
9239153
9239154
9239155
9239156
9239157
9239158
9239159
9239142
9239143
9239144
9239145
9239146
9239147
9239148
9239149
9239150
9239132
9239133
9239134
9239135
9239136
9239137
9239138
9239139
9239140
9239141
9239121
9239122
9239123
9239124
9239125
9239126
9239127
9239128
9239129
9239130
9239131
9239112
9239113
9239114
9239115
9239116
9239117
9239118
9239119
9239120
9239103
9239104
9239105
9239106
9239107
9239108
9239109
9239110
9239111
9239091
9239092
9239093
9239094
9239095
9239096
9239097
9239098
9239099
9239100
9239101
9239102
9239080
9239081
9239082
9239083
9239084
9239085
9239086
9239087
9239088
9239089
9239090
9239069
9239070
9239071
9239072
9239073
9239074
9239075
9239076
9239077
9239078
9239079
9239058
9239059
9239060
9239061
9239062
9239063
9239064
9239065
9239066
9239067
9239068
9239046
9239047
9239048
9239049
9239050
9239051
9239052
9239053
9239054
9239055
9239056
9239057
9239035
9239036
9239037
9239038
9239039
9239040
9239041
9239042
9239043
9239044
9239045
9239027
9239028
9239029
9239030
9239031
9239032
9239033
9239034
9239021
9239022
9239023
9239024
9239025
9239026
9239010
9239011
9239012
9239013
9239014
9239015
9239016
9239017
9239018
9239019
9239020
9238997
9238998
9238999
9239000
9239001
9239002
9239003
9239004
9239005
9239006
9239007
9239008
9239009
9238987
9238988
9238989
9238990
9238991
9238992
9238993
9238994
9238995
9238996
9238978
9238979
9238980
9238981
9238982
9238983
9238984
9238985
9238986
9238966
9238967
9238968
9238969
9238970
9238971
9238972
9238973
9238974
9238975
9238976
9238977
9238958
9238959
9238960
9238961
9238962
9238963
9238964
9238965
9238947
9238948
9238949
9238950
9238951
9238952
9238953
9238954
9238955
9238956
9238957
9238935
9238936
9238937
9238938
9238939
9238940
9238941
9238942
9238943
9238944
9238945
9238946
9238925
9238926
9238927
9238928
9238929
9238930
9238931
9238932
9238933
9238934
9238918
9238919
9238920
9238921
9238922
9238923
9238924
9238912
9238913
9238914
9238915
9238916
9238917
9238900
9238901
9238902
9238903
9238904
9238905
9238906
9238907
9238908
9238909
9238910
9238911
9238886
9238887
9238888
9238889
9238890
9238891
9238892
9238893
9238894
9238895
9238896
9238897
9238898
9238899
9238872
9238873
9238874
9238875
9238876
9238877
9238878
9238879
9238880
9238881
9238882
9238883
9238884
9238885
9238862
9238863
9238864
9238865
9238866
9238867
9238868
9238869
9238870
9238871
9238851
9238852
9238853
9238854
9238855
9238856
9238857
9238858
9238859
9238860
9238861
9238840
9238841
9238842
9238843
9238844
9238845
9238846
9238847
9238848
9238849
9238850
9238826
9238827
9238828
9238829
9238830
9238831
9238832
9238833
9238834
9238835
9238836
9238837
9238838
9238839
9238812
9238813
9238814
9238815
9238816
9238817
9238818
9238819
9238820
9238821
9238822
9238823
9238824
9238825
9238801
9238802
9238803
9238804
9238805
9238806
9238807
9238808
9238809
9238810
9238811
9238792
9238793
9238794
9238795
9238796
9238797
9238798
9238799
9238800
9238780
9238781
9238782
9238783
9238784
9238785
9238786
9238787
9238788
9238789
9238790
9238791
9238778
9238779
9238769
9238770
9238771
9238772
9238773
9238774
9238775
9238776
9238777
9238757
9238758
9238759
9238760
9238761
9238762
9238763
9238764
9238765
9238766
9238767
9238768
9238746
9238747
9238748
9238749
9238750
9238751
9238752
9238753
9238754
9238755
9238756
9238733
9238734
9238735
9238736
9238737
9238738
9238739
9238740
9238741
9238742
9238743
9238744
9238745
9238722
9238723
9238724
9238725
9238726
9238727
9238728
9238729
9238730
9238731
9238732
9238707
9238708
9238709
9238710
9238711
9238712
9238713
9238714
9238716
9238717
9238718
9238719
9238720
9238721
9238692
9238693
9238694
9238695
9238696
9238697
9238698
9238699
9238700
9238701
9238702
9238703
9238704
9238705
9238706
9238686
9238687
9238688
9238689
9238690
9238691
9238679
9238680
9238681
9238682
9238683
9238684
9238685
9238666
9238667
9238668
9238669
9238670
9238671
9238672
9238673
9238674
9238675
9238676
9238677
9238678
9238657
9238658
9238659
9238660
9238661
9238662
9238663
9238664
9238665
9238651
9238652
9238653
9238654
9238655
9238656
9238640
9238641
9238642
9238643
9238644
9238645
9238646
9238647
9238648
9238649
9238650
9238627
9238628
9238629
9238630
9238631
9238632
9238633
9238634
9238635
9238636
9238637
9238638
9238639
9238622
9238623
9238624
9238625
9238626
9238612
9238613
9238614
9238615
9238616
9238617
9238618
9238619
9238620
9238621
9238599
9238600
9238601
9238602
9238603
9238604
9238605
9238606
9238607
9238608
9238609
9238610
9238611
9238586
9238587
9238588
9238589
9238590
9238591
9238592
9238593
9238594
9238595
9238596
9238597
9238598
9238573
9238574
9238575
9238576
9238577
9238578
9238579
9238580
9238581
9238582
9238583
9238584
9238585
9238560
9238561
9238562
9238563
9238564
9238565
9238566
9238567
9238568
9238569
9238570
9238571
9238572
9238552
9238553
9238554
9238555
9238556
9238557
9238558
9238559
9238541
9238542
9238543
9238544
9238545
9238546
9238547
9238548
9238549
9238550
9238551
9238529
9238530
9238531
9238532
9238533
9238534
9238535
9238536
9238537
9238538
9238539
9238540
9238518
9238519
9238520
9238521
9238522
9238523
9238524
9238525
9238526
9238527
9238528
9238505
9238506
9238507
9238508
9238509
9238510
9238511
9238512
9238513
9238514
9238515
9238516
9238517
9238492
9238493
9238494
9238495
9238496
9238497
9238498
9238499
9238500
9238501
9238502
9238503
9238504
9238481
9238482
9238483
9238484
9238485
9238486
9238487
9238488
9238489
9238490
9238491
9238471
9238472
9238473
9238474
9238475
9238476
9238477
9238478
9238479
9238480
9238462
9238463
9238464
9238465
9238466
9238467
9238468
9238469
9238470
9238456
9238457
9238458
9238459
9238460
9238461
9238451
9238452
9238453
9238454
9238455
9238441
9238442
9238443
9238444
9238445
9238446
9238447
9238448
9238449
9238450
9238435
9238436
9238437
9238438
9238439
9238440
9238428
9238429
9238430
9238431
9238432
9238433
9238434
9238418
9238419
9238420
9238421
9238422
9238423
9238424
9238425
9238426
9238427
9238406
9238407
9238408
9238409
9238410
9238411
9238412
9238413
9238414
9238415
9238416
9238417
9238394
9238395
9238396
9238397
9238398
9238399
9238400
9238401
9238402
9238403
9238404
9238405
9238383
9238384
9238385
9238386
9238387
9238388
9238389
9238390
9238391
9238392
9238393
9238381
9238382
9238370
9238371
9238372
9238373
9238374
9238375
9238376
9238377
9238378
9238379
9238380
9238360
9238361
9238362
9238363
9238364
9238365
9238366
9238367
9238368
9238369
9238349
9238350
9238351
9238352
9238353
9238354
9238355
9238356
9238357
9238358
9238359
9238338
9238339
9238340
9238341
9238342
9238343
9238344
9238345
9238346
9238347
9238348
9238331
9238332
9238333
9238334
9238335
9238336
9238337
9238325
9238326
9238327
9238328
9238329
9238330
9238314
9238315
9238316
9238317
9238318
9238319
9238320
9238321
9238322
9238323
9238324
9238303
9238304
9238305
9238306
9238307
9238308
9238309
9238310
9238311
9238312
9238313
9238293
9238294
9238295
9238296
9238297
9238298
9238299
9238300
9238301
9238302
9238282
9238283
9238284
9238285
9238286
9238287
9238288
9238289
9238290
9238291
9238292
9238273
9238274
9238275
9238276
9238277
9238278
9238279
9238280
9238281
9238263
9238264
9238265
9238266
9238267
9238268
9238269
9238270
9238271
9238272
9238254
9238255
9238256
9238257
9238258
9238259
9238260
9238261
9238262
9238244
9238245
9238246
9238247
9238248
9238249
9238250
9238251
9238252
9238253
9238233
9238234
9238235
9238236
9238237
9238238
9238239
9238240
9238241
9238242
9238243
9238223
9238224
9238225
9238226
9238227
9238228
9238229
9238230
9238231
9238232
9238215
9238216
9238217
9238218
9238219
9238220
9238221
9238222
9238207
9238208
9238209
9238210
9238211
9238212
9238213
9238214
9238196
9238197
9238198
9238199
9238200
9238201
9238202
9238203
9238204
9238205
9238206
9238186
9238187
9238188
9238189
9238190
9238191
9238192
9238193
9238194
9238195
9238175
9238176
9238177
9238178
9238179
9238180
9238181
9238182
9238183
9238184
9238185
9238164
9238165
9238166
9238167
9238168
9238169
9238170
9238171
9238172
9238173
9238174
9238155
9238156
9238157
9238158
9238159
9238160
9238161
9238162
9238163
9238144
9238145
9238146
9238147
9238148
9238149
9238150
9238151
9238152
9238153
9238154
9238135
9238137
9238138
9238139
9238140
9238141
9238142
9238143
9238133
9238134
9238136
9238127
9238128
9238129
9238130
9238131
9238132
9238116
9238117
9238118
9238119
9238120
9238121
9238122
9238123
9238124
9238125
9238126
9238105
9238106
9238107
9238108
9238109
9238110
9238111
9238112
9238113
9238114
9238115
9238095
9238096
9238097
9238098
9238099
9238100
9238101
9238102
9238103
9238104
9238087
9238088
9238089
9238090
9238091
9238092
9238093
9238094
9238083
9238084
9238085
9238086
9238072
9238073
9238074
9238075
9238076
9238077
9238078
9238079
9238080
9238081
9238082
9238061
9238062
9238063
9238064
9238065
9238066
9238067
9238068
9238069
9238070
9238071
9238056
9238057
9238058
9238059
9238060
9238050
9238051
9238052
9238053
9238054
9238055
9238039
9238040
9238041
9238042
9238043
9238044
9238045
9238046
9238047
9238048
9238049
9238033
9238034
9238035
9238036
9238037
9238038
9238023
9238024
9238025
9238026
9238027
9238028
9238029
9238030
9238031
9238032
9238016
9238017
9238018
9238019
9238020
9238021
9238022
9238005
9238006
9238007
9238008
9238009
9238010
9238011
9238012
9238013
9238014
9238015
9237996
9237997
9237998
9237999
9238000
9238001
9238002
9238003
9238004
9237994
9237995
9237983
9237984
9237985
9237986
9237987
9237988
9237989
9237990
9237991
9237992
9237993
9237976
9237977
9237978
9237979
9237980
9237981
9237982
9237971
9237972
9237973
9237974
9237975
9237961
9237962
9237963
9237964
9237965
9237966
9237967
9237968
9237969
9237970
9237954
9237955
9237956
9237957
9237958
9237959
9237960
9237949
9237950
9237951
9237952
9237953
9237939
9237940
9237941
9237942
9237943
9237944
9237945
9237946
9237947
9237948
9237936
9237937
9237938
9237927
9237928
9237929
9237930
9237931
9237932
9237933
9237934
9237935
9237924
9237925
9237926
9237919
9237920
9237921
9237922
9237923
9237916
9237917
9237918
9237907
9237908
9237909
9237910
