9234559
9234556
9234557
9234554
9234555
9234552
9234553
9234550
9234551
9234548
9234549
9234546
9234547
9234544
9234545
9234542
9234543
9234540
9234541
9234536
9234537
9234538
9234539
9234533
9234534
9234535
9234529
9234530
9234531
9234527
9234528
9234524
9234525
9234526
9234521
9234522
9234523
9234520
9234517
9234518
9234519
9234513
9234514
9234515
9234516
9234511
9234512
9234508
9234509
9234510
9234505
9234506
9234507
9234502
9234503
9234504
9234500
9234501
9234497
9234498
9234499
9234493
9234494
9234495
9234496
9234490
9234492
9234487
9234488
9234489
9234491
9234485
9234486
9234483
9234484
9234481
9234482
9234479
9234480
9234478
9234475
9234476
9234477
9234472
9234473
9234474
9234469
9234470
9234471
9234466
9234467
9234468
9234463
9234464
9234465
9234460
9234461
9234462
9234458
9234459
9234456
9234457
9234453
9234454
9234455
9234450
9234451
9234452
9234447
9234448
9234449
9234444
9234445
9234446
9234441
9234442
9234443
9234438
9234439
9234440
9234434
9234435
9234436
9234431
9234432
9234433
9234428
9234429
9234430
9234425
9234426
9234427
9234422
9234423
9234424
9234419
9234420
9234421
9234418
9234415
9234416
9234417
9234412
9234413
9234414
9234409
9234410
9234411
9234406
9234407
9234408
9234402
9234403
9234404
9234405
9234398
9234399
9234400
9234401
9234396
9234397
9234393
9234394
9234395
9234389
9234390
9234391
9234392
9234387
9234388
9234384
9234385
9234386
9234381
9234382
9234383
9234378
9234379
9234380
9234375
9234376
9234377
9234372
9234373
9234374
9234369
9234370
9234371
9234366
9234367
9234368
9234362
9234363
9234364
9234365
9234359
9234360
9234361
9234356
9234357
9234358
9234353
9234354
9234355
9234350
9234351
9234352
9234347
9234348
9234349
9234344
9234345
9234346
9234340
9234341
9234342
9234343
9234337
9234338
9234339
9234334
9234335
9234336
9234331
9234332
9234333
9234329
9234330
9234326
9234327
9234328
9234323
9234324
9234325
9234319
9234320
9234321
9234322
9234315
9234316
9234317
9234318
9234312
9234313
9234314
9234309
9234310
9234311
9234305
9234306
9234307
9234308
9234302
9234303
9234304
9234299
9234300
9234301
9234297
9234298
9234294
9234295
9234296
9234291
9234292
9234293
9234287
9234288
9234289
9234290
9234283
9234284
9234285
9234286
9234280
9234281
9234282
9234278
9234279
9234276
9234277
9234273
9234274
9234275
9234270
9234271
9234272
9234267
9234268
9234269
9234264
9234265
9234266
9234261
9234262
9234263
9234258
9234259
9234260
9234255
9234256
9234257
9234253
9234254
9234251
9234252
9234248
9234249
9234250
9234245
9234246
9234247
9234243
9234244
9234239
9234240
9234241
9234242
9234236
9234237
9234238
9234233
9234234
9234235
9234230
9234231
9234232
9234227
9234228
9234229
9234224
9234225
9234226
9234221
9234222
9234223
9234218
9234219
9234220
9234215
9234216
9234217
9234212
9234213
9234214
9234209
9234210
9234211
9234206
9234207
9234208
9234203
9234204
9234205
9234199
9234200
9234201
9234202
9234196
9234197
9234198
9234192
9234193
9234194
9234195
9234189
9234190
9234191
9234185
9234186
9234187
9234188
9234182
9234183
9234184
9234179
9234180
9234181
9234176
9234177
9234178
9234173
9234174
9234175
9234170
9234171
9234172
9234168
9234169
9234165
9234166
9234167
9234163
9234164
9234161
9234162
9234158
9234159
9234160
9234157
9234155
9234156
9234152
9234153
9234154
9234149
9234150
9234151
9234148
9234145
9234146
9234147
9234142
9234143
9234144
9234139
9234140
9234141
9234135
9234136
9234137
9234138
9234132
9234133
9234134
9234129
9234130
9234131
9234126
9234127
9234128
9234124
9234125
9234122
9234123
9234119
9234120
9234121
9234117
9234118
9234114
9234115
9234116
9234111
9234112
9234113
9234108
9234109
9234110
9234106
9234107
9234104
9234105
9234101
9234102
9234103
9234099
9234100
9234097
9234098
9234094
9234095
9234096
9234092
9234093
9234090
9234091
9234088
9234089
9234085
9234086
9234087
9234083
9234084
9234080
9234081
9234082
9234078
9234079
9234076
9234077
9234073
9234074
9234075
9234071
9234072
9234069
9234070
9234067
9234068
9234065
9234066
9234063
9234064
9234059
9234060
9234061
9234062
9234057
9234058
9234055
9234056
9234053
9234054
9234051
9234052
9234049
9234050
9234047
9234048
9234045
9234046
9234043
9234044
9234041
9234042
9234039
9234040
9234037
9234038
9234035
9234036
9234033
9234034
9234031
9234032
9234029
9234030
9234027
9234028
9234026
9234024
9234025
9234022
9234023
9234020
9234021
9234018
9234019
9234017
9234015
9234016
9234014
9234013
9234012
9234011
9234010
9234009
9234008
9234007
9234006
9234005
9234004
9233554
9233553
9233552
9233551
9233550
9233549
9233548
9233547
9233546
9233545
9233544
9233543
9233542
9233541
9233540
9233538
9233537
9233536
9233534
9233535
9233533
9233532
9233531
9233530
9233529
9233528
9233527
9233526
9233525
9233523
9233524
9233522
9233521
9233520
9233519
9233518
9233517
9233516
9233515
9233514
9233513
9233512
9233511
9233510
9233509
9233508
9233507
9233506
9233505
9233504
9233503
9233502
9233501
9233500
9233499
9233498
9233497
9233496
9233495
9233494
9233492
9233491
9233490
9233489
9233488
9233487
9233486
9233485
9233484
9233483
9233482
9233481
9233480
9233479
9233478
9233477
9233476
9233475
9233474
9233473
9233472
9233471
9233470
9233469
9233468
9233467
9233466
9233465
9233463
9233462
9233461
9233460
9233459
9233458
9233457
9233456
9233454
9233453
9233452
9233451
9233449
9233448
9233447
9233446
9233445
9233444
9233442
9233441
9233440
9233439
9233438
9233437
9233436
9233435
9233434
9233433
9233432
9233430
9233429
9233428
9233427
9233426
9233425
9233424
9233423
9233422
9233421
9233420
9233419
9233418
9233417
9233416
9233415
9233414
9233413
9233410
9233409
9233408
9233407
9233406
9233405
9233404
9233403
9233402
9233401
9233400
9233399
9233398
9233397
9233396
9233395
9233394
9233393
9233392
9233391
9233390
9233389
9233388
9233387
9233386
9233385
9233383
9233382
9233381
9233380
9233379
9233378
9233377
9233376
9233374
9233373
9233372
9233371
9233370
9233369
9233368
9233367
9233366
9233364
9233363
9233362
9233361
9233360
9233359
9233357
9233356
9233355
9233354
9233353
9233352
9233351
9233350
9233349
9233348
9233347
9233346
9233345
9233344
9233338
9233337
9233336
9233335
9233334
9233333
9233332
9233331
9233330
9233329
9233328
9233327
9233326
9233325
9233324
9233323
9233322
9233321
9233320
9233319
9233318
9233317
9233316
9233315
9233314
9233313
9233312
9233311
9233310
9233309
9233308
9233307
9233305
9233304
9233303
9233302
9233301
9233300
9233299
9233298
9233297
9233296
9233295
9233294
9233293
9233292
9233291
9233290
9233289
9233288
9233287
9233286
9233285
9233284
9233283
9233281
9233280
9233279
9233278
9233277
9233276
9233275
9233274
9233273
9233272
9233271
9233270
9233269
9233268
9233267
9233266
9233265
9233264
9233263
9233262
9233261
9233260
9233259
9233258
9233257
9233256
9233255
9233254
9233253
9233252
9233251
9233250
9233249
9233248
9233247
9233246
9233245
9233244
9233243
9233242
9233241
9233240
9233239
9233238
9233237
9233236
9233235
9233234
9233233
9233232
9233231
9233230
9233229
9233228
9233227
9233226
9233225
9233224
9233223
9233222
9233221
9233220
9233219
9233218
9233217
9233216
9233215
9233214
9233213
9233212
9233211
9233210
9233209
9233208
9233207
9233206
9233205
9233204
9233203
9233202
9233201
9233200
9233199
9233198
9233197
9233196
9233195
9233194
9233193
9233192
9233191
9233190
9233188
9233187
9233186
9233185
9233184
9233183
9233181
9233180
9233179
9233178
9233177
9233176
9233175
9233173
9233172
9233171
9233170
9233169
9233168
9233167
9233166
9233165
9233164
9233163
9233162
9233161
9233160
9233159
9233158
9233157
9233156
9233155
9233153
9233152
9233151
9233150
9233149
9233148
9233147
9233146
9233145
9233144
9233143
9233142
9233141
9233140
9233139
9233138
9233137
9233136
9233135
9233134
9233133
9233121
9233120
9233119
9233118
9233117
9233115
9233114
9233112
9233111
9233110
9233109
9233108
9233107
9233106
9233104
9233105
9233103
9233102
9233101
9233100
9233097
9233098
9233096
9233094
9233093
9233092
9233091
9233090
9233089
9233088
9233087
9233086
9233083
9233084
9233082
9233080
9233079
9233078
9233077
9233076
9233075
9233074
9233073
9233072
9233071
9233070
9233068
9233069
9233067
9233066
9233065
9233064
9233063
9233062
9233059
9233060
9233058
9233057
9233056
9233055
9233054
9233051
9233052
9233050
9233049
9233048
9233047
9233045
9233046
9233044
9233043
9233042
9233041
9233039
9233040
9233038
9233037
9233036
9233035
9233033
9233034
9233032
9233031
9233030
9233029
9233027
9233028
9233025
9233024
9233023
9233022
9233020
9233021
9233019
9233018
9233017
9233016
9233014
9233015
9233012
9233011
9233010
9233008
9233009
9233007
9233006
9233005
9233003
9233004
9233002
9233001
9233000
9232999
9232997
9232995
9232996
9232994
9232993
9232992
9232991
9232989
9232990
9232988
9232987
9232986
9232984
9232985
9232983
9232982
9232981
9232980
9232979
9232978
9232977
9232976
9232975
9232974
9232973
9232972
9232971
9232970
9232968
9232967
9232966
9232964
9232965
9232963
9232962
9232961
9232960
9232959
9232957
9232958
9232956
9232955
9232954
9232953
9232952
9232951
9232950
9232949
9232947
9232948
9232946
9232945
9232944
9232943
9232940
9232942
9232939
9232938
9232936
9232937
9232935
9232934
9232933
9232931
9232932
9232930
9232929
9232928
9232927
9232925
9232926
9232924
9232923
9232922
9232920
9232919
9232918
9232917
9232916
9232914
9232915
9232913
9232912
9232911
9232910
9232909
9232908
9232895
9232894
9232893
9232892
9232891
9232890
9232889
9232888
9232887
9232886
9232884
9232885
9232883
9232882
9232881
9232880
9232879
9232877
9232878
9232876
9232875
9232874
9232873
9232872
9232871
9232870
9232868
9232869
9232867
9232866
9232865
9232863
9232864
9232862
9232861
9232860
9232859
9232858
9232856
9232857
9232855
9232854
9232853
9232852
9232851
9232849
9232850
9232848
9232847
9232846
9232845
9232844
9232843
9232842
9232840
9232841
9232839
9232838
9232837
9232835
9232836
9232834
9232833
9232832
9232831
9232829
9232830
9232827
9232826
9232825
9232824
9232823
9232822
9232821
9232819
9232820
9232818
9232817
9232816
9232815
9232814
9232813
9232812
9232811
9232810
9232809
9232807
9232808
9232806
9232805
9232804
9232802
9232801
9232799
9232798
9232797
9232796
9232795
9232794
9232792
9232793
9232791
9232790
9232789
9232788
9232787
9232786
9232785
9232784
9232783
9232782
9232780
9232781
9232779
9232778
9232777
9232776
9232775
9232774
9232773
9232772
9232770
9232771
9232769
9232768
9232767
9232766
9232765
9232763
9232764
9232762
9232761
9232760
9232759
9232758
9232757
9232755
9232754
9232753
9232751
9232752
9232750
9232749
9232748
9232746
9232745
9232744
9232742
9232741
9232740
9232739
9232737
9232736
9232734
9232735
9232733
9232732
9232731
9232730
9232729
9232728
9232727
9232725
9232726
9232724
9232723
9232722
9232721
9232720
9232719
9232718
9232717
9232716
9232715
9232714
9232713
9232712
9232711
9232710
9232709
9232708
9232707
9232706
9232705
9232704
9232703
9232702
9232701
9232700
9232699
9232698
9232697
9232696
9232695
9232694
9232693
9232692
9232691
9232690
9232689
9232678
9232677
9232676
9232675
9232674
9232673
9232672
9232671
9232670
9232669
9232668
9232667
9232666
9232665
9232664
9232663
9232662
9232661
9232660
9232659
9232658
9232657
9232656
9232654
9232655
9232653
9232652
9232651
9232649
9232648
9232647
9232646
9232644
9232645
9232643
9232642
9232641
9232640
9232639
9232637
9232636
9232635
9232634
9232633
9232632
9232631
9232630
9232629
9232628
9232626
9232627
9232625
9232624
9232623
9232622
9232621
9232620
9232619
9232618
9232617
9232616
9232615
9232614
9232613
9232612
9232611
9232610
9232609
9232608
9232607
9232606
9232605
9232604
9232603
9232601
9232602
9232599
9232598
9232597
9232596
9232595
9232594
9232593
9232592
9232591
9232590
9232589
9232587
9232586
9232585
9232583
9232582
9232581
9232580
9232579
9232578
9232577
9232576
9232574
9232575
9232573
9232572
9232571
9232570
9232569
9232568
9232567
9232564
9232565
9232563
9232562
9232561
9232559
9232560
9232557
9232558
9232556
9232555
9232554
9232553
9232552
9232551
9232549
9232548
9232547
9232546
9232545
9232544
9232543
9232542
9232541
9232540
9232538
9232537
9232536
9232535
9232534
9232533
9232532
9232531
9232530
9232529
9232528
9232527
9232526
9232525
9232524
9232523
9232522
9232521
9232519
9232520
9232518
9232517
9232516
9232515
9232514
9232512
9232513
9232511
9232510
9232509
9232508
9232507
9232506
9232505
9232504
9232503
9232502
9232501
9232498
9232497
9232496
9232495
9232494
9232493
9232492
9232491
9232490
9232488
9232487
9232486
9232484
9232483
9232482
9232481
9232480
9232479
9232478
9232476
9232475
9232473
9232474
9232472
9232470
9232469
9232468
9232467
9232466
9232465
